0.117044 nan
0.117177 nan
0.117311 nan
0.117444 nan
0.117577 nan
0.117711 nan
0.117844 nan
0.117977 nan
0.118110 nan
0.118244 nan
0.118377 nan
0.118510 nan
0.118644 nan
0.118777 nan
0.118910 nan
0.119043 nan
0.119177 nan
0.119310 nan
0.119443 nan
0.119577 nan
0.119710 nan
0.119843 nan
0.119977 nan
0.120110 nan
0.120243 nan
0.120376 nan
0.120510 nan
0.120643 nan
0.120776 nan
0.120910 nan
0.121043 nan
0.121176 nan
0.121309 nan
0.121443 nan
0.121576 nan
0.121709 nan
0.121843 nan
0.121976 nan
0.122109 nan
0.122242 nan
0.122376 nan
0.122509 nan
0.122642 nan
0.122776 nan
0.122909 nan
0.123042 nan
0.123176 nan
0.123309 nan
0.123442 nan
0.123575 nan
0.123709 nan
0.123842 nan
0.123975 nan
0.124109 nan
0.124242 nan
0.124375 nan
0.124508 nan
0.124642 nan
0.124775 nan
0.124908 nan
0.125042 nan
0.125175 nan
0.125308 nan
0.125442 nan
0.125575 nan
0.125708 nan
0.125841 nan
0.125975 nan
0.126108 nan
0.126241 nan
0.126375 nan
0.126508 nan
0.126641 nan
0.126774 nan
0.126908 nan
0.127041 nan
0.127174 nan
0.127308 nan
0.127441 nan
0.127574 nan
0.127707 nan
0.127841 nan
0.127974 nan
0.128107 nan
0.128241 nan
0.128374 nan
0.128507 nan
0.128641 nan
0.128774 nan
0.128907 nan
0.129040 nan
0.129174 nan
0.129307 nan
0.129440 nan
0.129574 nan
0.129707 nan
0.129840 nan
0.129973 nan
0.130107 nan
0.130240 nan
0.130373 nan
0.130507 nan
0.130640 nan
0.130773 nan
0.130907 nan
0.131040 nan
0.131173 nan
0.131306 nan
0.131440 nan
0.131573 nan
0.131706 nan
0.131840 nan
0.131973 nan
0.132106 nan
0.132239 nan
0.132373 nan
0.132506 nan
0.132639 nan
0.132773 nan
0.132906 nan
0.133039 nan
0.133172 nan
0.133306 nan
0.133439 nan
0.133572 nan
0.133706 nan
0.133839 nan
0.133972 nan
0.134106 nan
0.134239 nan
0.134372 nan
0.134505 nan
0.134639 nan
0.134772 nan
0.134905 nan
0.135039 nan
0.135172 nan
0.135305 nan
0.135438 nan
0.135572 nan
0.135705 nan
0.135838 nan
0.135972 nan
0.136105 nan
0.136238 nan
0.136372 nan
0.136505 nan
0.136638 nan
0.136771 nan
0.136905 nan
0.137038 nan
0.137171 nan
0.137305 nan
0.137438 nan
0.137571 nan
0.137704 nan
0.137838 nan
0.137971 nan
0.138104 nan
0.138238 nan
0.138371 nan
0.138504 nan
0.138637 nan
0.138771 nan
0.138904 nan
0.139037 nan
0.139171 nan
0.139304 nan
0.139437 nan
0.139571 nan
0.139704 nan
0.139837 nan
0.139970 nan
0.140104 nan
0.140237 nan
0.140370 nan
0.140504 nan
0.140637 nan
0.140770 nan
0.140903 nan
0.141037 nan
0.141170 nan
0.141303 nan
0.141437 nan
0.141570 nan
0.141703 nan
0.141837 nan
0.141970 nan
0.142103 nan
0.142236 nan
0.142370 nan
0.142503 nan
0.142636 nan
0.142770 nan
0.142903 nan
0.143036 nan
0.143169 nan
0.143303 nan
0.143436 nan
0.143569 nan
0.143703 nan
0.143836 nan
0.143969 nan
0.144102 nan
0.144236 nan
0.144369 nan
0.144502 nan
0.144636 nan
0.144769 nan
0.144902 nan
0.145036 nan
0.145169 nan
0.145302 nan
0.145435 nan
0.145569 nan
0.145702 nan
0.145835 nan
0.145969 nan
0.146102 nan
0.146235 nan
0.146368 nan
0.146502 nan
0.146635 nan
0.146768 nan
0.146902 nan
0.147035 nan
0.147168 nan
0.147302 nan
0.147435 nan
0.147568 nan
0.147701 nan
0.147835 nan
0.147968 nan
0.148101 nan
0.148235 nan
0.148368 nan
0.148501 nan
0.148634 nan
0.148768 nan
0.148901 nan
0.149034 nan
0.149168 nan
0.149301 nan
0.149434 nan
0.149567 nan
0.149701 nan
0.149834 nan
0.149967 nan
0.150101 nan
0.150234 nan
0.150367 nan
0.150501 nan
0.150634 nan
0.150767 nan
0.150900 nan
0.151034 nan
0.151167 nan
0.151300 nan
0.151434 nan
0.151567 nan
0.151700 nan
0.151833 nan
0.151967 nan
0.152100 nan
0.152233 nan
0.152367 nan
0.152500 nan
0.152633 nan
0.152767 nan
0.152900 nan
0.153033 nan
0.153166 nan
0.153300 nan
0.153433 nan
0.153566 nan
0.153700 nan
0.153833 nan
0.153966 nan
0.154099 nan
0.154233 nan
0.154366 nan
0.154499 nan
0.154633 nan
0.154766 nan
0.154899 nan
0.155032 nan
0.155166 nan
0.155299 nan
0.155432 nan
0.155566 nan
0.155699 nan
0.155832 nan
0.155966 nan
0.156099 nan
0.156232 nan
0.156365 nan
0.156499 nan
0.156632 nan
0.156765 nan
0.156899 nan
0.157032 nan
0.157165 nan
0.157298 nan
0.157432 nan
0.157565 nan
0.157698 nan
0.157832 nan
0.157965 nan
0.158098 nan
0.158232 nan
0.158365 nan
0.158498 nan
0.158631 nan
0.158765 nan
0.158898 nan
0.159031 nan
0.159165 nan
0.159298 nan
0.159431 nan
0.159564 nan
0.159698 nan
0.159831 nan
0.159964 nan
0.160098 nan
0.160231 nan
0.160364 nan
0.160497 nan
0.160631 nan
0.160764 nan
0.160897 nan
0.161031 nan
0.161164 nan
0.161297 nan
0.161431 nan
0.161564 nan
0.161697 nan
0.161830 nan
0.161964 nan
0.162097 nan
0.162230 nan
0.162364 nan
0.162497 nan
0.162630 nan
0.162763 nan
0.162897 nan
0.163030 nan
0.163163 nan
0.163297 nan
0.163430 nan
0.163563 nan
0.163697 nan
0.163830 nan
0.163963 nan
0.164096 nan
0.164230 nan
0.164363 nan
0.164496 nan
0.164630 nan
0.164763 nan
0.164896 nan
0.165029 nan
0.165163 nan
0.165296 nan
0.165429 nan
0.165563 nan
0.165696 nan
0.165829 nan
0.165962 nan
0.166096 nan
0.166229 nan
0.166362 nan
0.166496 nan
0.166629 nan
0.166762 nan
0.166896 nan
0.167029 nan
0.167162 nan
0.167295 nan
0.167429 nan
0.167562 nan
0.167695 nan
0.167829 nan
0.167962 nan
0.168095 nan
0.168228 nan
0.168362 nan
0.168495 nan
0.168628 nan
0.168762 nan
0.168895 nan
0.169028 nan
0.169162 nan
0.169295 nan
0.169428 nan
0.169561 nan
0.169695 nan
0.169828 nan
0.169961 nan
0.170095 nan
0.170228 nan
0.170361 nan
0.170494 nan
0.170628 nan
0.170761 nan
0.170894 nan
0.171028 nan
0.171161 nan
0.171294 nan
0.171427 nan
0.171561 nan
0.171694 nan
0.171827 nan
0.171961 nan
0.172094 nan
0.172227 nan
0.172361 nan
0.172494 nan
0.172627 nan
0.172760 nan
0.172894 nan
0.173027 nan
0.173160 nan
0.173294 nan
0.173427 nan
0.173560 nan
0.173693 nan
0.173827 nan
0.173960 nan
0.174093 nan
0.174227 nan
0.174360 nan
0.174493 nan
0.174627 nan
0.174760 nan
0.174893 nan
0.175026 nan
0.175160 nan
0.175293 nan
0.175426 nan
0.175560 nan
0.175693 nan
0.175826 nan
0.175959 nan
0.176093 nan
0.176226 nan
0.176359 nan
0.176493 nan
0.176626 nan
0.176759 nan
0.176892 nan
0.177026 nan
0.177159 nan
0.177292 nan
0.177426 nan
0.177559 nan
0.177692 nan
0.177826 nan
0.177959 nan
0.178092 nan
0.178225 nan
0.178359 nan
0.178492 nan
0.178625 nan
0.178759 nan
0.178892 nan
0.179025 nan
0.179158 nan
0.179292 nan
0.179425 nan
0.179558 nan
0.179692 nan
0.179825 nan
0.179958 nan
0.180092 nan
0.180225 nan
0.180358 nan
0.180491 nan
0.180625 nan
0.180758 nan
0.180891 nan
0.181025 nan
0.181158 nan
0.181291 nan
0.181424 nan
0.181558 nan
0.181691 nan
0.181824 nan
0.181958 nan
0.182091 nan
0.182224 nan
0.182357 nan
0.182491 nan
0.182624 nan
0.182757 nan
0.182891 nan
0.183024 nan
0.183157 nan
0.183291 nan
0.183424 nan
0.183557 nan
