0.098607 nan
0.099211 nan
0.099815 nan
0.100419 nan
0.101023 nan
0.101627 nan
0.102231 nan
0.102835 nan
0.103439 nan
0.104043 nan
0.104647 nan
0.105251 nan
0.105855 nan
0.106459 nan
0.107063 nan
0.107667 nan
0.108271 nan
0.108875 nan
0.109479 nan
0.110083 nan
0.110687 nan
0.111291 nan
0.111895 nan
0.112499 nan
0.113103 nan
0.113707 nan
0.114311 nan
0.114914 nan
0.115518 nan
0.116122 nan
0.116726 nan
0.117330 nan
0.117934 nan
0.118538 nan
0.119142 nan
0.119746 nan
0.120350 nan
0.120954 nan
0.121558 nan
0.122162 nan
0.122766 nan
0.123370 nan
0.123974 nan
0.124578 nan
0.125182 nan
0.125786 nan
0.126390 nan
0.126994 nan
0.127598 nan
0.128202 nan
0.128806 nan
0.129410 nan
0.130014 nan
0.130618 nan
0.131222 nan
0.131826 nan
0.132430 nan
0.133034 nan
0.133638 nan
0.134242 nan
0.134846 nan
0.135450 nan
0.136054 nan
0.136658 nan
0.137262 nan
0.137865 nan
0.138469 nan
0.139073 nan
0.139677 nan
0.140281 nan
0.140885 nan
0.141489 nan
0.142093 nan
0.142697 nan
0.143301 nan
0.143905 nan
0.144509 nan
0.145113 nan
0.145717 nan
0.146321 nan
0.146925 nan
0.147529 nan
0.148133 nan
0.148737 nan
0.149341 nan
0.149945 nan
0.150549 nan
0.151153 nan
0.151757 nan
0.152361 nan
0.152965 nan
0.153569 nan
0.154173 nan
0.154777 nan
0.155381 nan
0.155985 nan
0.156589 nan
0.157193 nan
0.157797 nan
0.158401 nan
0.159005 nan
0.159609 nan
0.160212 nan
0.160816 nan
0.161420 nan
0.162024 nan
0.162628 nan
0.163232 nan
0.163836 nan
0.164440 nan
0.165044 nan
0.165648 nan
0.166252 nan
0.166856 nan
0.167460 nan
0.168064 nan
0.168668 nan
0.169272 nan
0.169876 nan
0.170480 nan
0.171084 nan
0.171688 nan
0.172292 nan
0.172896 nan
0.173500 nan
0.174104 nan
0.174708 nan
0.175312 nan
0.175916 nan
0.176520 nan
0.177124 nan
0.177728 nan
0.178332 nan
0.178936 nan
0.179540 nan
0.180144 nan
0.180748 nan
0.181352 nan
0.181956 nan
0.182560 nan
0.183163 nan
0.183767 nan
0.184371 nan
0.184975 nan
0.185579 nan
0.186183 nan
0.186787 nan
0.187391 nan
0.187995 nan
0.188599 nan
0.189203 nan
0.189807 nan
0.190411 nan
0.191015 nan
0.191619 nan
0.192223 nan
0.192827 nan
0.193431 nan
0.194035 nan
0.194639 nan
0.195243 nan
0.195847 nan
0.196451 nan
0.197055 nan
0.197659 nan
0.198263 nan
0.198867 nan
0.199471 nan
0.200075 nan
0.200679 nan
0.201283 nan
0.201887 nan
0.202491 nan
0.203095 nan
0.203699 nan
0.204303 nan
0.204907 nan
0.205511 nan
0.206114 nan
0.206718 nan
0.207322 nan
0.207926 nan
0.208530 nan
0.209134 nan
0.209738 nan
0.210342 nan
0.210946 nan
0.211550 nan
0.212154 nan
0.212758 nan
0.213362 nan
0.213966 nan
0.214570 nan
0.215174 nan
0.215778 nan
0.216382 nan
0.216986 nan
0.217590 nan
0.218194 nan
0.218798 nan
0.219402 nan
0.220006 nan
0.220610 nan
0.221214 nan
0.221818 nan
0.222422 nan
0.223026 nan
0.223630 nan
0.224234 nan
0.224838 nan
0.225442 nan
0.226046 nan
0.226650 nan
0.227254 nan
0.227858 nan
0.228462 nan
0.229065 nan
0.229669 nan
0.230273 nan
0.230877 nan
0.231481 nan
0.232085 nan
0.232689 nan
0.233293 nan
0.233897 nan
0.234501 nan
0.235105 nan
0.235709 nan
0.236313 nan
0.236917 nan
0.237521 nan
0.238125 nan
0.238729 nan
0.239333 nan
0.239937 nan
0.240541 nan
0.241145 nan
0.241749 nan
0.242353 nan
0.242957 nan
0.243561 nan
0.244165 nan
0.244769 nan
0.245373 nan
0.245977 nan
0.246581 nan
0.247185 nan
0.247789 nan
0.248393 nan
0.248997 nan
0.249601 nan
0.250205 nan
0.250809 nan
0.251413 nan
0.252016 nan
0.252620 nan
0.253224 nan
0.253828 nan
0.254432 nan
0.255036 nan
0.255640 nan
0.256244 nan
0.256848 nan
0.257452 nan
0.258056 nan
0.258660 nan
0.259264 nan
0.259868 nan
0.260472 nan
0.261076 nan
0.261680 nan
0.262284 nan
0.262888 nan
0.263492 nan
0.264096 nan
0.264700 nan
0.265304 nan
0.265908 nan
0.266512 nan
0.267116 nan
0.267720 nan
0.268324 nan
0.268928 nan
0.269532 nan
0.270136 nan
0.270740 nan
0.271344 nan
0.271948 nan
0.272552 nan
0.273156 nan
0.273760 nan
0.274363 nan
0.274967 nan
0.275571 nan
0.276175 nan
0.276779 nan
0.277383 nan
0.277987 nan
0.278591 nan
0.279195 nan
0.279799 nan
0.280403 nan
0.281007 nan
0.281611 nan
0.282215 nan
0.282819 nan
0.283423 nan
0.284027 nan
0.284631 nan
0.285235 nan
0.285839 nan
0.286443 nan
0.287047 nan
0.287651 nan
0.288255 nan
0.288859 nan
0.289463 nan
0.290067 nan
0.290671 nan
0.291275 nan
0.291879 nan
0.292483 nan
0.293087 nan
0.293691 nan
0.294295 nan
0.294899 nan
0.295503 nan
0.296107 nan
0.296711 nan
0.297314 nan
0.297918 nan
0.298522 nan
0.299126 nan
0.299730 nan
0.300334 nan
0.300938 nan
0.301542 nan
0.302146 nan
0.302750 nan
0.303354 nan
0.303958 nan
0.304562 nan
0.305166 nan
0.305770 nan
0.306374 nan
0.306978 nan
0.307582 nan
0.308186 nan
0.308790 nan
0.309394 nan
0.309998 nan
0.310602 nan
0.311206 nan
0.311810 nan
0.312414 nan
0.313018 nan
0.313622 nan
0.314226 nan
0.314830 nan
0.315434 nan
0.316038 nan
0.316642 nan
0.317246 nan
0.317850 nan
0.318454 nan
0.319058 nan
0.319662 nan
0.320265 nan
0.320869 nan
0.321473 nan
0.322077 nan
0.322681 nan
0.323285 nan
0.323889 nan
0.324493 nan
0.325097 nan
0.325701 nan
0.326305 nan
0.326909 nan
0.327513 nan
0.328117 nan
0.328721 nan
0.329325 nan
0.329929 nan
0.330533 nan
0.331137 nan
0.331741 nan
0.332345 nan
0.332949 nan
0.333553 nan
0.334157 nan
0.334761 nan
0.335365 nan
0.335969 nan
0.336573 nan
0.337177 nan
0.337781 nan
0.338385 nan
0.338989 nan
0.339593 nan
0.340197 nan
0.340801 nan
0.341405 nan
0.342009 nan
0.342613 nan
0.343216 nan
0.343820 nan
0.344424 nan
0.345028 nan
0.345632 nan
0.346236 nan
0.346840 nan
0.347444 nan
0.348048 nan
0.348652 nan
0.349256 nan
0.349860 nan
0.350464 nan
0.351068 nan
0.351672 nan
0.352276 nan
0.352880 nan
0.353484 nan
0.354088 nan
0.354692 nan
0.355296 nan
0.355900 nan
0.356504 nan
0.357108 nan
0.357712 nan
0.358316 nan
0.358920 nan
0.359524 nan
0.360128 nan
0.360732 nan
0.361336 nan
0.361940 nan
0.362544 nan
0.363148 nan
0.363752 nan
0.364356 nan
0.364960 nan
0.365564 nan
0.366167 nan
0.366771 nan
0.367375 nan
0.367979 nan
0.368583 nan
0.369187 nan
0.369791 nan
0.370395 nan
0.370999 nan
0.371603 nan
0.372207 nan
0.372811 nan
0.373415 nan
0.374019 nan
0.374623 nan
0.375227 nan
0.375831 nan
0.376435 nan
0.377039 nan
0.377643 nan
0.378247 nan
0.378851 nan
0.379455 nan
0.380059 nan
0.380663 nan
0.381267 nan
0.381871 nan
0.382475 nan
0.383079 nan
0.383683 nan
0.384287 nan
0.384891 nan
0.385495 nan
0.386099 nan
0.386703 nan
0.387307 nan
0.387911 nan
0.388515 nan
0.389118 nan
0.389722 nan
0.390326 nan
0.390930 nan
0.391534 nan
0.392138 nan
0.392742 nan
0.393346 nan
0.393950 nan
0.394554 nan
0.395158 nan
0.395762 nan
0.396366 nan
0.396970 nan
0.397574 nan
0.398178 nan
0.398782 nan
0.399386 nan
0.399990 nan
