0.081774 nan
0.082411 nan
0.083049 nan
0.083687 nan
0.084324 nan
0.084962 nan
0.085600 nan
0.086237 nan
0.086875 nan
0.087513 nan
0.088151 nan
0.088788 nan
0.089426 nan
0.090064 nan
0.090701 nan
0.091339 nan
0.091977 nan
0.092615 nan
0.093252 nan
0.093890 nan
0.094528 nan
0.095165 nan
0.095803 nan
0.096441 nan
0.097079 nan
0.097716 nan
0.098354 nan
0.098992 nan
0.099629 nan
0.100267 nan
0.100905 nan
0.101542 nan
0.102180 nan
0.102818 nan
0.103456 nan
0.104093 nan
0.104731 nan
0.105369 nan
0.106006 nan
0.106644 nan
0.107282 nan
0.107920 nan
0.108557 nan
0.109195 nan
0.109833 nan
0.110470 nan
0.111108 nan
0.111746 nan
0.112384 nan
0.113021 nan
0.113659 nan
0.114297 nan
0.114934 nan
0.115572 nan
0.116210 nan
0.116847 nan
0.117485 nan
0.118123 nan
0.118761 nan
0.119398 nan
0.120036 nan
0.120674 nan
0.121311 nan
0.121949 nan
0.122587 nan
0.123225 nan
0.123862 nan
0.124500 nan
0.125138 nan
0.125775 nan
0.126413 nan
0.127051 nan
0.127689 nan
0.128326 nan
0.128964 nan
0.129602 nan
0.130239 nan
0.130877 nan
0.131515 nan
0.132152 nan
0.132790 nan
0.133428 nan
0.134066 nan
0.134703 nan
0.135341 nan
0.135979 nan
0.136616 nan
0.137254 nan
0.137892 nan
0.138530 nan
0.139167 nan
0.139805 nan
0.140443 nan
0.141080 nan
0.141718 nan
0.142356 nan
0.142994 nan
0.143631 nan
0.144269 nan
0.144907 nan
0.145544 nan
0.146182 nan
0.146820 nan
0.147457 nan
0.148095 nan
0.148733 nan
0.149371 nan
0.150008 nan
0.150646 nan
0.151284 nan
0.151921 nan
0.152559 nan
0.153197 nan
0.153835 nan
0.154472 nan
0.155110 nan
0.155748 nan
0.156385 nan
0.157023 nan
0.157661 nan
0.158299 nan
0.158936 nan
0.159574 nan
0.160212 nan
0.160849 nan
0.161487 nan
0.162125 nan
0.162762 nan
0.163400 nan
0.164038 nan
0.164676 nan
0.165313 nan
0.165951 nan
0.166589 nan
0.167226 nan
0.167864 nan
0.168502 nan
0.169140 nan
0.169777 nan
0.170415 nan
0.171053 nan
0.171690 nan
0.172328 nan
0.172966 nan
0.173604 nan
0.174241 nan
0.174879 nan
0.175517 nan
0.176154 nan
0.176792 nan
0.177430 nan
0.178067 nan
0.178705 nan
0.179343 nan
0.179981 nan
0.180618 nan
0.181256 nan
0.181894 nan
0.182531 nan
0.183169 nan
0.183807 nan
0.184445 nan
0.185082 nan
0.185720 nan
0.186358 nan
0.186995 nan
0.187633 nan
0.188271 nan
0.188909 nan
0.189546 nan
0.190184 nan
0.190822 nan
0.191459 nan
0.192097 nan
0.192735 nan
0.193372 nan
0.194010 nan
0.194648 nan
0.195286 nan
0.195923 nan
0.196561 nan
0.197199 nan
0.197836 nan
0.198474 nan
0.199112 nan
0.199750 nan
0.200387 nan
0.201025 nan
0.201663 nan
0.202300 nan
0.202938 nan
0.203576 nan
0.204214 nan
0.204851 nan
0.205489 nan
0.206127 nan
0.206764 nan
0.207402 nan
0.208040 nan
0.208677 nan
0.209315 nan
0.209953 nan
0.210591 nan
0.211228 nan
0.211866 nan
0.212504 nan
0.213141 nan
0.213779 nan
0.214417 nan
0.215055 nan
0.215692 nan
0.216330 nan
0.216968 nan
0.217605 nan
0.218243 nan
0.218881 nan
0.219519 nan
0.220156 nan
0.220794 nan
0.221432 nan
0.222069 nan
0.222707 nan
0.223345 nan
0.223982 nan
0.224620 nan
0.225258 nan
0.225896 nan
0.226533 nan
0.227171 nan
0.227809 nan
0.228446 nan
0.229084 nan
0.229722 nan
0.230360 nan
0.230997 nan
0.231635 nan
0.232273 nan
0.232910 nan
0.233548 nan
0.234186 nan
0.234824 nan
0.235461 nan
0.236099 nan
0.236737 nan
0.237374 nan
0.238012 nan
0.238650 nan
0.239287 nan
0.239925 nan
0.240563 nan
0.241201 nan
0.241838 nan
0.242476 nan
0.243114 nan
0.243751 nan
0.244389 nan
0.245027 nan
0.245665 nan
0.246302 nan
0.246940 nan
0.247578 nan
0.248215 nan
0.248853 nan
0.249491 nan
0.250129 nan
0.250766 nan
0.251404 nan
0.252042 nan
0.252679 nan
0.253317 nan
0.253955 nan
0.254592 nan
0.255230 nan
0.255868 nan
0.256506 nan
0.257143 nan
0.257781 nan
0.258419 nan
0.259056 nan
0.259694 nan
0.260332 nan
0.260970 nan
0.261607 nan
0.262245 nan
0.262883 nan
0.263520 nan
0.264158 nan
0.264796 nan
0.265434 nan
0.266071 nan
0.266709 nan
0.267347 nan
0.267984 nan
0.268622 nan
0.269260 nan
0.269897 nan
0.270535 nan
0.271173 nan
0.271811 nan
0.272448 nan
0.273086 nan
0.273724 nan
0.274361 nan
0.274999 nan
0.275637 nan
0.276275 nan
0.276912 nan
0.277550 nan
0.278188 nan
0.278825 nan
0.279463 nan
0.280101 nan
0.280739 nan
0.281376 nan
0.282014 nan
0.282652 nan
0.283289 nan
0.283927 nan
0.284565 nan
0.285202 nan
0.285840 nan
0.286478 nan
0.287116 nan
0.287753 nan
0.288391 nan
0.289029 nan
0.289666 nan
0.290304 nan
0.290942 nan
0.291580 nan
0.292217 nan
0.292855 nan
0.293493 nan
0.294130 nan
0.294768 nan
0.295406 nan
0.296044 nan
0.296681 nan
0.297319 nan
0.297957 nan
0.298594 nan
0.299232 nan
0.299870 nan
0.300507 nan
0.301145 nan
0.301783 nan
0.302421 nan
0.303058 nan
0.303696 nan
0.304334 nan
0.304971 nan
0.305609 nan
0.306247 nan
0.306885 nan
0.307522 nan
0.308160 nan
0.308798 nan
0.309435 nan
0.310073 nan
0.310711 nan
0.311349 nan
0.311986 nan
0.312624 nan
0.313262 nan
0.313899 nan
0.314537 nan
0.315175 nan
0.315812 nan
0.316450 nan
0.317088 nan
0.317726 nan
0.318363 nan
0.319001 nan
0.319639 nan
0.320276 nan
0.320914 nan
0.321552 nan
0.322190 nan
0.322827 nan
0.323465 nan
0.324103 nan
0.324740 nan
0.325378 nan
0.326016 nan
0.326654 nan
0.327291 nan
0.327929 nan
0.328567 nan
0.329204 nan
0.329842 nan
0.330480 nan
0.331117 nan
0.331755 nan
0.332393 nan
0.333031 nan
0.333668 nan
0.334306 nan
0.334944 nan
0.335581 nan
0.336219 nan
0.336857 nan
0.337495 nan
0.338132 nan
0.338770 nan
0.339408 nan
0.340045 nan
0.340683 nan
0.341321 nan
0.341959 nan
0.342596 nan
0.343234 nan
0.343872 nan
0.344509 nan
0.345147 nan
0.345785 nan
0.346422 nan
0.347060 nan
0.347698 nan
0.348336 nan
0.348973 nan
0.349611 nan
0.350249 nan
0.350886 nan
0.351524 nan
0.352162 nan
0.352800 nan
0.353437 nan
0.354075 nan
0.354713 nan
0.355350 nan
0.355988 nan
0.356626 nan
0.357264 nan
0.357901 nan
0.358539 nan
0.359177 nan
0.359814 nan
0.360452 nan
0.361090 nan
0.361727 nan
0.362365 nan
0.363003 nan
0.363641 nan
0.364278 nan
0.364916 nan
0.365554 nan
0.366191 nan
0.366829 nan
0.367467 nan
0.368105 nan
0.368742 nan
0.369380 nan
0.370018 nan
0.370655 nan
0.371293 nan
0.371931 nan
0.372569 nan
0.373206 nan
0.373844 nan
0.374482 nan
0.375119 nan
0.375757 nan
0.376395 nan
0.377032 nan
0.377670 nan
0.378308 nan
0.378946 nan
0.379583 nan
0.380221 nan
0.380859 nan
0.381496 nan
0.382134 nan
0.382772 nan
0.383410 nan
0.384047 nan
0.384685 nan
0.385323 nan
0.385960 nan
0.386598 nan
0.387236 nan
0.387874 nan
0.388511 nan
0.389149 nan
0.389787 nan
0.390424 nan
0.391062 nan
0.391700 nan
0.392337 nan
0.392975 nan
0.393613 nan
0.394251 nan
0.394888 nan
0.395526 nan
0.396164 nan
0.396801 nan
0.397439 nan
0.398077 nan
0.398715 nan
0.399352 nan
0.399990 nan
