0.116242 0.258093
0.116811 0.230953
0.117380 0.211268
0.117948 0.194854
0.118517 0.180395
0.119086 0.167271
0.119654 0.155132
0.120223 0.143756
0.120792 0.132991
0.121360 0.122731
0.121929 0.112894
0.122497 0.103418
0.123066 0.094254
0.123635 0.085364
0.124203 0.076713
0.124772 0.068276
0.125341 0.060028
0.125909 0.051952
0.126478 0.044029
0.127046 0.036245
0.127615 0.028586
0.128184 0.021043
0.128752 0.013604
0.129321 0.006260
0.129890 nan
0.130458 nan
0.131027 nan
0.131596 nan
0.132164 nan
0.132733 nan
0.133301 nan
0.133870 nan
0.134439 nan
0.135007 nan
0.135576 nan
0.136145 nan
0.136713 nan
0.137282 nan
0.137850 nan
0.138419 nan
0.138988 nan
0.139556 nan
0.140125 nan
0.140694 nan
0.141262 nan
0.141831 nan
0.142400 nan
0.142968 nan
0.143537 nan
0.144105 nan
0.144674 nan
0.145243 nan
0.145811 nan
0.146380 nan
0.146949 nan
0.147517 nan
0.148086 nan
0.148655 nan
0.149223 nan
0.149792 nan
0.150360 nan
0.150929 nan
0.151498 nan
0.152066 nan
0.152635 nan
0.153204 nan
0.153772 nan
0.154341 nan
0.154909 nan
0.155478 nan
0.156047 nan
0.156615 nan
0.157184 nan
0.157753 nan
0.158321 nan
0.158890 nan
0.159459 nan
0.160027 nan
0.160596 nan
0.161164 nan
0.161733 nan
0.162302 nan
0.162870 nan
0.163439 nan
0.164008 nan
0.164576 nan
0.165145 nan
0.165713 nan
0.166282 nan
0.166851 nan
0.167419 nan
0.167988 nan
0.168557 nan
0.169125 nan
0.169694 nan
0.170263 nan
0.170831 nan
0.171400 nan
0.171968 nan
0.172537 nan
0.173106 nan
0.173674 nan
0.174243 nan
0.174812 nan
0.175380 nan
0.175949 nan
0.176517 nan
0.177086 nan
0.177655 nan
0.178223 nan
0.178792 nan
0.179361 nan
0.179929 nan
0.180498 nan
0.181067 nan
0.181635 nan
0.182204 nan
0.182772 nan
0.183341 nan
0.183910 nan
0.184478 nan
0.185047 nan
0.185616 nan
0.186184 nan
0.186753 nan
0.187322 nan
0.187890 nan
0.188459 nan
0.189027 nan
0.189596 nan
0.190165 nan
0.190733 nan
0.191302 nan
0.191871 nan
0.192439 nan
0.193008 nan
0.193576 nan
0.194145 nan
0.194714 nan
0.195282 nan
0.195851 nan
0.196420 nan
0.196988 nan
0.197557 nan
0.198126 nan
0.198694 nan
0.199263 nan
0.199831 nan
0.200400 nan
0.200969 nan
0.201537 nan
0.202106 nan
0.202675 nan
0.203243 nan
0.203812 nan
0.204380 nan
0.204949 nan
0.205518 nan
0.206086 nan
0.206655 nan
0.207224 nan
0.207792 nan
0.208361 nan
0.208930 nan
0.209498 nan
0.210067 nan
0.210635 nan
0.211204 nan
0.211773 nan
0.212341 nan
0.212910 nan
0.213479 nan
0.214047 nan
0.214616 nan
0.215184 nan
0.215753 nan
0.216322 nan
0.216890 nan
0.217459 nan
0.218028 nan
0.218596 nan
0.219165 nan
0.219734 nan
0.220302 nan
0.220871 nan
0.221439 nan
0.222008 nan
0.222577 nan
0.223145 nan
0.223714 nan
0.224283 nan
0.224851 nan
0.225420 nan
0.225989 nan
0.226557 nan
0.227126 nan
0.227694 nan
0.228263 nan
0.228832 nan
0.229400 nan
0.229969 nan
0.230538 nan
0.231106 nan
0.231675 nan
0.232243 nan
0.232812 nan
0.233381 nan
0.233949 nan
0.234518 nan
0.235087 nan
0.235655 nan
0.236224 nan
0.236793 nan
0.237361 nan
0.237930 nan
0.238498 nan
0.239067 nan
0.239636 nan
0.240204 nan
0.240773 nan
0.241342 nan
0.241910 nan
0.242479 nan
0.243047 nan
0.243616 nan
0.244185 nan
0.244753 nan
0.245322 nan
0.245891 nan
0.246459 nan
0.247028 nan
0.247597 nan
0.248165 nan
0.248734 nan
0.249302 nan
0.249871 nan
0.250440 nan
0.251008 nan
0.251577 nan
0.252146 nan
0.252714 nan
0.253283 nan
0.253851 nan
0.254420 nan
0.254989 nan
0.255557 nan
0.256126 nan
0.256695 nan
0.257263 nan
0.257832 nan
0.258401 nan
0.258969 nan
0.259538 nan
0.260106 nan
0.260675 nan
0.261244 nan
0.261812 nan
0.262381 nan
0.262950 nan
0.263518 nan
0.264087 nan
0.264656 nan
0.265224 nan
0.265793 nan
0.266361 nan
0.266930 nan
0.267499 nan
0.268067 nan
0.268636 nan
0.269205 nan
0.269773 nan
0.270342 nan
0.270910 nan
0.271479 nan
0.272048 nan
0.272616 nan
0.273185 nan
0.273754 nan
0.274322 nan
0.274891 nan
0.275460 nan
0.276028 nan
0.276597 nan
0.277165 nan
0.277734 nan
0.278303 nan
0.278871 nan
0.279440 nan
0.280009 nan
0.280577 nan
0.281146 nan
0.281714 nan
0.282283 nan
0.282852 nan
0.283420 nan
0.283989 nan
0.284558 nan
0.285126 nan
0.285695 nan
0.286264 nan
0.286832 nan
0.287401 nan
0.287969 nan
0.288538 nan
0.289107 nan
0.289675 nan
0.290244 nan
0.290813 nan
0.291381 nan
0.291950 nan
0.292518 nan
0.293087 nan
0.293656 nan
0.294224 nan
0.294793 nan
0.295362 nan
0.295930 nan
0.296499 nan
0.297068 nan
0.297636 nan
0.298205 nan
0.298773 nan
0.299342 nan
0.299911 nan
0.300479 nan
0.301048 nan
0.301617 nan
0.302185 nan
0.302754 nan
0.303323 nan
0.303891 nan
0.304460 nan
0.305028 nan
0.305597 nan
0.306166 nan
0.306734 nan
0.307303 nan
0.307872 nan
0.308440 nan
0.309009 nan
0.309577 nan
0.310146 nan
0.310715 nan
0.311283 nan
0.311852 nan
0.312421 nan
0.312989 nan
0.313558 nan
0.314127 nan
0.314695 nan
0.315264 nan
0.315832 nan
0.316401 nan
0.316970 nan
0.317538 nan
0.318107 nan
0.318676 nan
0.319244 nan
0.319813 nan
0.320381 nan
0.320950 nan
0.321519 nan
0.322087 nan
0.322656 nan
0.323225 nan
0.323793 nan
0.324362 nan
0.324931 nan
0.325499 nan
0.326068 nan
0.326636 nan
0.327205 nan
0.327774 nan
0.328342 nan
0.328911 nan
0.329480 nan
0.330048 nan
0.330617 nan
0.331185 nan
0.331754 nan
0.332323 nan
0.332891 nan
0.333460 nan
0.334029 nan
0.334597 nan
0.335166 nan
0.335735 nan
0.336303 nan
0.336872 nan
0.337440 nan
0.338009 nan
0.338578 nan
0.339146 nan
0.339715 nan
0.340284 nan
0.340852 nan
0.341421 nan
0.341990 nan
0.342558 nan
0.343127 nan
0.343695 nan
0.344264 nan
0.344833 nan
0.345401 nan
0.345970 nan
0.346539 nan
0.347107 nan
0.347676 nan
0.348244 nan
0.348813 nan
0.349382 nan
0.349950 nan
0.350519 nan
0.351088 nan
0.351656 nan
0.352225 nan
0.352794 nan
0.353362 nan
0.353931 nan
0.354499 nan
0.355068 nan
0.355637 nan
0.356205 nan
0.356774 nan
0.357343 nan
0.357911 nan
0.358480 nan
0.359048 nan
0.359617 nan
0.360186 nan
0.360754 nan
0.361323 nan
0.361892 nan
0.362460 nan
0.363029 nan
0.363598 nan
0.364166 nan
0.364735 nan
0.365303 nan
0.365872 nan
0.366441 nan
0.367009 nan
0.367578 nan
0.368147 nan
0.368715 nan
0.369284 nan
0.369852 nan
0.370421 nan
0.370990 nan
0.371558 nan
0.372127 nan
0.372696 nan
0.373264 nan
0.373833 nan
0.374402 nan
0.374970 nan
0.375539 nan
0.376107 nan
0.376676 nan
0.377245 nan
0.377813 nan
0.378382 nan
0.378951 nan
0.379519 nan
0.380088 nan
0.380657 nan
0.381225 nan
0.381794 nan
0.382362 nan
0.382931 nan
0.383500 nan
0.384068 nan
0.384637 nan
0.385206 nan
0.385774 nan
0.386343 nan
0.386911 nan
0.387480 nan
0.388049 nan
0.388617 nan
0.389186 nan
0.389755 nan
0.390323 nan
0.390892 nan
0.391461 nan
0.392029 nan
0.392598 nan
0.393166 nan
0.393735 nan
0.394304 nan
0.394872 nan
0.395441 nan
0.396010 nan
0.396578 nan
0.397147 nan
0.397715 nan
0.398284 nan
0.398853 nan
0.399421 nan
0.399990 nan
