0.083377 0.343423
0.084011 0.314893
0.084646 0.295414
0.085280 0.279597
0.085915 0.265924
0.086549 0.253704
0.087184 0.242555
0.087818 0.232238
0.088453 0.222590
0.089087 0.213496
0.089722 0.204872
0.090356 0.196650
0.090991 0.188779
0.091625 0.181217
0.092260 0.173930
0.092894 0.166889
0.093529 0.160070
0.094163 0.153452
0.094798 0.147017
0.095432 0.140751
0.096067 0.134640
0.096701 0.128671
0.097336 0.122834
0.097970 0.117120
0.098605 0.111520
0.099239 0.106026
0.099874 0.100632
0.100508 0.095331
0.101143 0.090117
0.101777 0.084986
0.102412 0.079931
0.103046 0.074949
0.103681 0.070036
0.104315 0.065187
0.104950 0.060400
0.105584 0.055670
0.106219 0.050995
0.106853 0.046371
0.107488 0.041797
0.108122 0.037269
0.108757 0.032784
0.109391 0.028342
0.110026 0.023939
0.110660 0.019574
0.111295 0.015244
0.111929 0.010948
0.112564 0.006684
0.113198 0.002450
0.113833 nan
0.114467 nan
0.115102 nan
0.115736 nan
0.116371 nan
0.117005 nan
0.117639 nan
0.118274 nan
0.118908 nan
0.119543 nan
0.120177 nan
0.120812 nan
0.121446 nan
0.122081 nan
0.122715 nan
0.123350 nan
0.123984 nan
0.124619 nan
0.125253 nan
0.125888 nan
0.126522 nan
0.127157 nan
0.127791 nan
0.128426 nan
0.129060 nan
0.129695 nan
0.130329 nan
0.130964 nan
0.131598 nan
0.132233 nan
0.132867 nan
0.133502 nan
0.134136 nan
0.134771 nan
0.135405 nan
0.136040 nan
0.136674 nan
0.137309 nan
0.137943 nan
0.138578 nan
0.139212 nan
0.139847 nan
0.140481 nan
0.141116 nan
0.141750 nan
0.142385 nan
0.143019 nan
0.143654 nan
0.144288 nan
0.144923 nan
0.145557 nan
0.146192 nan
0.146826 nan
0.147461 nan
0.148095 nan
0.148730 nan
0.149364 nan
0.149999 nan
0.150633 nan
0.151268 nan
0.151902 nan
0.152537 nan
0.153171 nan
0.153806 nan
0.154440 nan
0.155075 nan
0.155709 nan
0.156344 nan
0.156978 nan
0.157613 nan
0.158247 nan
0.158882 nan
0.159516 nan
0.160151 nan
0.160785 nan
0.161420 nan
0.162054 nan
0.162689 nan
0.163323 nan
0.163958 nan
0.164592 nan
0.165227 nan
0.165861 nan
0.166496 nan
0.167130 nan
0.167765 nan
0.168399 nan
0.169034 nan
0.169668 nan
0.170303 nan
0.170937 nan
0.171572 nan
0.172206 nan
0.172841 nan
0.173475 nan
0.174110 nan
0.174744 nan
0.175379 nan
0.176013 nan
0.176648 nan
0.177282 nan
0.177917 nan
0.178551 nan
0.179186 nan
0.179820 nan
0.180455 nan
0.181089 nan
0.181724 nan
0.182358 nan
0.182993 nan
0.183627 nan
0.184262 nan
0.184896 nan
0.185531 nan
0.186165 nan
0.186800 nan
0.187434 nan
0.188068 nan
0.188703 nan
0.189337 nan
0.189972 nan
0.190606 nan
0.191241 nan
0.191875 nan
0.192510 nan
0.193144 nan
0.193779 nan
0.194413 nan
0.195048 nan
0.195682 nan
0.196317 nan
0.196951 nan
0.197586 nan
0.198220 nan
0.198855 nan
0.199489 nan
0.200124 nan
0.200758 nan
0.201393 nan
0.202027 nan
0.202662 nan
0.203296 nan
0.203931 nan
0.204565 nan
0.205200 nan
0.205834 nan
0.206469 nan
0.207103 nan
0.207738 nan
0.208372 nan
0.209007 nan
0.209641 nan
0.210276 nan
0.210910 nan
0.211545 nan
0.212179 nan
0.212814 nan
0.213448 nan
0.214083 nan
0.214717 nan
0.215352 nan
0.215986 nan
0.216621 nan
0.217255 nan
0.217890 nan
0.218524 nan
0.219159 nan
0.219793 nan
0.220428 nan
0.221062 nan
0.221697 nan
0.222331 nan
0.222966 nan
0.223600 nan
0.224235 nan
0.224869 nan
0.225504 nan
0.226138 nan
0.226773 nan
0.227407 nan
0.228042 nan
0.228676 nan
0.229311 nan
0.229945 nan
0.230580 nan
0.231214 nan
0.231849 nan
0.232483 nan
0.233118 nan
0.233752 nan
0.234387 nan
0.235021 nan
0.235656 nan
0.236290 nan
0.236925 nan
0.237559 nan
0.238194 nan
0.238828 nan
0.239463 nan
0.240097 nan
0.240732 nan
0.241366 nan
0.242001 nan
0.242635 nan
0.243270 nan
0.243904 nan
0.244539 nan
0.245173 nan
0.245808 nan
0.246442 nan
0.247077 nan
0.247711 nan
0.248346 nan
0.248980 nan
0.249615 nan
0.250249 nan
0.250884 nan
0.251518 nan
0.252153 nan
0.252787 nan
0.253422 nan
0.254056 nan
0.254691 nan
0.255325 nan
0.255960 nan
0.256594 nan
0.257229 nan
0.257863 nan
0.258497 nan
0.259132 nan
0.259766 nan
0.260401 nan
0.261035 nan
0.261670 nan
0.262304 nan
0.262939 nan
0.263573 nan
0.264208 nan
0.264842 nan
0.265477 nan
0.266111 nan
0.266746 nan
0.267380 nan
0.268015 nan
0.268649 nan
0.269284 nan
0.269918 nan
0.270553 nan
0.271187 nan
0.271822 nan
0.272456 nan
0.273091 nan
0.273725 nan
0.274360 nan
0.274994 nan
0.275629 nan
0.276263 nan
0.276898 nan
0.277532 nan
0.278167 nan
0.278801 nan
0.279436 nan
0.280070 nan
0.280705 nan
0.281339 nan
0.281974 nan
0.282608 nan
0.283243 nan
0.283877 nan
0.284512 nan
0.285146 nan
0.285781 nan
0.286415 nan
0.287050 nan
0.287684 nan
0.288319 nan
0.288953 nan
0.289588 nan
0.290222 nan
0.290857 nan
0.291491 nan
0.292126 nan
0.292760 nan
0.293395 nan
0.294029 nan
0.294664 nan
0.295298 nan
0.295933 nan
0.296567 nan
0.297202 nan
0.297836 nan
0.298471 nan
0.299105 nan
0.299740 nan
0.300374 nan
0.301009 nan
0.301643 nan
0.302278 nan
0.302912 nan
0.303547 nan
0.304181 nan
0.304816 nan
0.305450 nan
0.306085 nan
0.306719 nan
0.307354 nan
0.307988 nan
0.308623 nan
0.309257 nan
0.309892 nan
0.310526 nan
0.311161 nan
0.311795 nan
0.312430 nan
0.313064 nan
0.313699 nan
0.314333 nan
0.314968 nan
0.315602 nan
0.316237 nan
0.316871 nan
0.317506 nan
0.318140 nan
0.318775 nan
0.319409 nan
0.320044 nan
0.320678 nan
0.321313 nan
0.321947 nan
0.322582 nan
0.323216 nan
0.323851 nan
0.324485 nan
0.325120 nan
0.325754 nan
0.326389 nan
0.327023 nan
0.327658 nan
0.328292 nan
0.328927 nan
0.329561 nan
0.330195 nan
0.330830 nan
0.331464 nan
0.332099 nan
0.332733 nan
0.333368 nan
0.334002 nan
0.334637 nan
0.335271 nan
0.335906 nan
0.336540 nan
0.337175 nan
0.337809 nan
0.338444 nan
0.339078 nan
0.339713 nan
0.340347 nan
0.340982 nan
0.341616 nan
0.342251 nan
0.342885 nan
0.343520 nan
0.344154 nan
0.344789 nan
0.345423 nan
0.346058 nan
0.346692 nan
0.347327 nan
0.347961 nan
0.348596 nan
0.349230 nan
0.349865 nan
0.350499 nan
0.351134 nan
0.351768 nan
0.352403 nan
0.353037 nan
0.353672 nan
0.354306 nan
0.354941 nan
0.355575 nan
0.356210 nan
0.356844 nan
0.357479 nan
0.358113 nan
0.358748 nan
0.359382 nan
0.360017 nan
0.360651 nan
0.361286 nan
0.361920 nan
0.362555 nan
0.363189 nan
0.363824 nan
0.364458 nan
0.365093 nan
0.365727 nan
0.366362 nan
0.366996 nan
0.367631 nan
0.368265 nan
0.368900 nan
0.369534 nan
0.370169 nan
0.370803 nan
0.371438 nan
0.372072 nan
0.372707 nan
0.373341 nan
0.373976 nan
0.374610 nan
0.375245 nan
0.375879 nan
0.376514 nan
0.377148 nan
0.377783 nan
0.378417 nan
0.379052 nan
0.379686 nan
0.380321 nan
0.380955 nan
0.381590 nan
0.382224 nan
0.382859 nan
0.383493 nan
0.384128 nan
0.384762 nan
0.385397 nan
0.386031 nan
0.386666 nan
0.387300 nan
0.387935 nan
0.388569 nan
0.389204 nan
0.389838 nan
0.390473 nan
0.391107 nan
0.391742 nan
0.392376 nan
0.393011 nan
0.393645 nan
0.394280 nan
0.394914 nan
0.395549 nan
0.396183 nan
0.396818 nan
0.397452 nan
0.398087 nan
0.398721 nan
0.399356 nan
0.399990 nan
