0.069749 0.257498
0.070411 0.226647
0.071073 0.202937
0.071735 0.182883
0.072397 0.165157
0.073059 0.149080
0.073720 0.134251
0.074382 0.120409
0.075044 0.107371
0.075706 0.095005
0.076368 0.083210
0.077029 0.071907
0.077691 0.061034
0.078353 0.050541
0.079015 0.040385
0.079677 0.030531
0.080338 0.020949
0.081000 0.011613
0.081662 0.002502
0.082324 nan
0.082986 nan
0.083647 nan
0.084309 nan
0.084971 nan
0.085633 nan
0.086295 nan
0.086956 nan
0.087618 nan
0.088280 nan
0.088942 nan
0.089604 nan
0.090265 nan
0.090927 nan
0.091589 nan
0.092251 nan
0.092913 nan
0.093574 nan
0.094236 nan
0.094898 nan
0.095560 nan
0.096222 nan
0.096883 nan
0.097545 nan
0.098207 nan
0.098869 nan
0.099531 nan
0.100192 nan
0.100854 nan
0.101516 nan
0.102178 nan
0.102840 nan
0.103502 nan
0.104163 nan
0.104825 nan
0.105487 nan
0.106149 nan
0.106811 nan
0.107472 nan
0.108134 nan
0.108796 nan
0.109458 nan
0.110120 nan
0.110781 nan
0.111443 nan
0.112105 nan
0.112767 nan
0.113429 nan
0.114090 nan
0.114752 nan
0.115414 nan
0.116076 nan
0.116738 nan
0.117399 nan
0.118061 nan
0.118723 nan
0.119385 nan
0.120047 nan
0.120708 nan
0.121370 nan
0.122032 nan
0.122694 nan
0.123356 nan
0.124017 nan
0.124679 nan
0.125341 nan
0.126003 nan
0.126665 nan
0.127326 nan
0.127988 nan
0.128650 nan
0.129312 nan
0.129974 nan
0.130636 nan
0.131297 nan
0.131959 nan
0.132621 nan
0.133283 nan
0.133945 nan
0.134606 nan
0.135268 nan
0.135930 nan
0.136592 nan
0.137254 nan
0.137915 nan
0.138577 nan
0.139239 nan
0.139901 nan
0.140563 nan
0.141224 nan
0.141886 nan
0.142548 nan
0.143210 nan
0.143872 nan
0.144533 nan
0.145195 nan
0.145857 nan
0.146519 nan
0.147181 nan
0.147842 nan
0.148504 nan
0.149166 nan
0.149828 nan
0.150490 nan
0.151151 nan
0.151813 nan
0.152475 nan
0.153137 nan
0.153799 nan
0.154460 nan
0.155122 nan
0.155784 nan
0.156446 nan
0.157108 nan
0.157769 nan
0.158431 nan
0.159093 nan
0.159755 nan
0.160417 nan
0.161079 nan
0.161740 nan
0.162402 nan
0.163064 nan
0.163726 nan
0.164388 nan
0.165049 nan
0.165711 nan
0.166373 nan
0.167035 nan
0.167697 nan
0.168358 nan
0.169020 nan
0.169682 nan
0.170344 nan
0.171006 nan
0.171667 nan
0.172329 nan
0.172991 nan
0.173653 nan
0.174315 nan
0.174976 nan
0.175638 nan
0.176300 nan
0.176962 nan
0.177624 nan
0.178285 nan
0.178947 nan
0.179609 nan
0.180271 nan
0.180933 nan
0.181594 nan
0.182256 nan
0.182918 nan
0.183580 nan
0.184242 nan
0.184903 nan
0.185565 nan
0.186227 nan
0.186889 nan
0.187551 nan
0.188213 nan
0.188874 nan
0.189536 nan
0.190198 nan
0.190860 nan
0.191522 nan
0.192183 nan
0.192845 nan
0.193507 nan
0.194169 nan
0.194831 nan
0.195492 nan
0.196154 nan
0.196816 nan
0.197478 nan
0.198140 nan
0.198801 nan
0.199463 nan
0.200125 nan
0.200787 nan
0.201449 nan
0.202110 nan
0.202772 nan
0.203434 nan
0.204096 nan
0.204758 nan
0.205419 nan
0.206081 nan
0.206743 nan
0.207405 nan
0.208067 nan
0.208728 nan
0.209390 nan
0.210052 nan
0.210714 nan
0.211376 nan
0.212037 nan
0.212699 nan
0.213361 nan
0.214023 nan
0.214685 nan
0.215347 nan
0.216008 nan
0.216670 nan
0.217332 nan
0.217994 nan
0.218656 nan
0.219317 nan
0.219979 nan
0.220641 nan
0.221303 nan
0.221965 nan
0.222626 nan
0.223288 nan
0.223950 nan
0.224612 nan
0.225274 nan
0.225935 nan
0.226597 nan
0.227259 nan
0.227921 nan
0.228583 nan
0.229244 nan
0.229906 nan
0.230568 nan
0.231230 nan
0.231892 nan
0.232553 nan
0.233215 nan
0.233877 nan
0.234539 nan
0.235201 nan
0.235862 nan
0.236524 nan
0.237186 nan
0.237848 nan
0.238510 nan
0.239171 nan
0.239833 nan
0.240495 nan
0.241157 nan
0.241819 nan
0.242480 nan
0.243142 nan
0.243804 nan
0.244466 nan
0.245128 nan
0.245790 nan
0.246451 nan
0.247113 nan
0.247775 nan
0.248437 nan
0.249099 nan
0.249760 nan
0.250422 nan
0.251084 nan
0.251746 nan
0.252408 nan
0.253069 nan
0.253731 nan
0.254393 nan
0.255055 nan
0.255717 nan
0.256378 nan
0.257040 nan
0.257702 nan
0.258364 nan
0.259026 nan
0.259687 nan
0.260349 nan
0.261011 nan
0.261673 nan
0.262335 nan
0.262996 nan
0.263658 nan
0.264320 nan
0.264982 nan
0.265644 nan
0.266305 nan
0.266967 nan
0.267629 nan
0.268291 nan
0.268953 nan
0.269614 nan
0.270276 nan
0.270938 nan
0.271600 nan
0.272262 nan
0.272924 nan
0.273585 nan
0.274247 nan
0.274909 nan
0.275571 nan
0.276233 nan
0.276894 nan
0.277556 nan
0.278218 nan
0.278880 nan
0.279542 nan
0.280203 nan
0.280865 nan
0.281527 nan
0.282189 nan
0.282851 nan
0.283512 nan
0.284174 nan
0.284836 nan
0.285498 nan
0.286160 nan
0.286821 nan
0.287483 nan
0.288145 nan
0.288807 nan
0.289469 nan
0.290130 nan
0.290792 nan
0.291454 nan
0.292116 nan
0.292778 nan
0.293439 nan
0.294101 nan
0.294763 nan
0.295425 nan
0.296087 nan
0.296748 nan
0.297410 nan
0.298072 nan
0.298734 nan
0.299396 nan
0.300057 nan
0.300719 nan
0.301381 nan
0.302043 nan
0.302705 nan
0.303367 nan
0.304028 nan
0.304690 nan
0.305352 nan
0.306014 nan
0.306676 nan
0.307337 nan
0.307999 nan
0.308661 nan
0.309323 nan
0.309985 nan
0.310646 nan
0.311308 nan
0.311970 nan
0.312632 nan
0.313294 nan
0.313955 nan
0.314617 nan
0.315279 nan
0.315941 nan
0.316603 nan
0.317264 nan
0.317926 nan
0.318588 nan
0.319250 nan
0.319912 nan
0.320573 nan
0.321235 nan
0.321897 nan
0.322559 nan
0.323221 nan
0.323882 nan
0.324544 nan
0.325206 nan
0.325868 nan
0.326530 nan
0.327191 nan
0.327853 nan
0.328515 nan
0.329177 nan
0.329839 nan
0.330501 nan
0.331162 nan
0.331824 nan
0.332486 nan
0.333148 nan
0.333810 nan
0.334471 nan
0.335133 nan
0.335795 nan
0.336457 nan
0.337119 nan
0.337780 nan
0.338442 nan
0.339104 nan
0.339766 nan
0.340428 nan
0.341089 nan
0.341751 nan
0.342413 nan
0.343075 nan
0.343737 nan
0.344398 nan
0.345060 nan
0.345722 nan
0.346384 nan
0.347046 nan
0.347707 nan
0.348369 nan
0.349031 nan
0.349693 nan
0.350355 nan
0.351016 nan
0.351678 nan
0.352340 nan
0.353002 nan
0.353664 nan
0.354325 nan
0.354987 nan
0.355649 nan
0.356311 nan
0.356973 nan
0.357635 nan
0.358296 nan
0.358958 nan
0.359620 nan
0.360282 nan
0.360944 nan
0.361605 nan
0.362267 nan
0.362929 nan
0.363591 nan
0.364253 nan
0.364914 nan
0.365576 nan
0.366238 nan
0.366900 nan
0.367562 nan
0.368223 nan
0.368885 nan
0.369547 nan
0.370209 nan
0.370871 nan
0.371532 nan
0.372194 nan
0.372856 nan
0.373518 nan
0.374180 nan
0.374841 nan
0.375503 nan
0.376165 nan
0.376827 nan
0.377489 nan
0.378150 nan
0.378812 nan
0.379474 nan
0.380136 nan
0.380798 nan
0.381459 nan
0.382121 nan
0.382783 nan
0.383445 nan
0.384107 nan
0.384768 nan
0.385430 nan
0.386092 nan
0.386754 nan
0.387416 nan
0.388078 nan
0.388739 nan
0.389401 nan
0.390063 nan
0.390725 nan
0.391387 nan
0.392048 nan
0.392710 nan
0.393372 nan
0.394034 nan
0.394696 nan
0.395357 nan
0.396019 nan
0.396681 nan
0.397343 nan
0.398005 nan
0.398666 nan
0.399328 nan
0.399990 nan
