0.093798 0.163530
0.094411 0.130926
0.095025 0.105504
0.095638 0.083731
0.096252 0.064263
0.096866 0.046415
0.097479 0.029783
0.098093 0.014102
0.098706 nan
0.099320 nan
0.099934 nan
0.100547 nan
0.101161 nan
0.101775 nan
0.102388 nan
0.103002 nan
0.103615 nan
0.104229 nan
0.104843 nan
0.105456 nan
0.106070 nan
0.106683 nan
0.107297 nan
0.107911 nan
0.108524 nan
0.109138 nan
0.109751 nan
0.110365 nan
0.110979 nan
0.111592 nan
0.112206 nan
0.112820 nan
0.113433 nan
0.114047 nan
0.114660 nan
0.115274 nan
0.115888 nan
0.116501 nan
0.117115 nan
0.117728 nan
0.118342 nan
0.118956 nan
0.119569 nan
0.120183 nan
0.120797 nan
0.121410 nan
0.122024 nan
0.122637 nan
0.123251 nan
0.123865 nan
0.124478 nan
0.125092 nan
0.125705 nan
0.126319 nan
0.126933 nan
0.127546 nan
0.128160 nan
0.128773 nan
0.129387 nan
0.130001 nan
0.130614 nan
0.131228 nan
0.131842 nan
0.132455 nan
0.133069 nan
0.133682 nan
0.134296 nan
0.134910 nan
0.135523 nan
0.136137 nan
0.136750 nan
0.137364 nan
0.137978 nan
0.138591 nan
0.139205 nan
0.139818 nan
0.140432 nan
0.141046 nan
0.141659 nan
0.142273 nan
0.142887 nan
0.143500 nan
0.144114 nan
0.144727 nan
0.145341 nan
0.145955 nan
0.146568 nan
0.147182 nan
0.147795 nan
0.148409 nan
0.149023 nan
0.149636 nan
0.150250 nan
0.150863 nan
0.151477 nan
0.152091 nan
0.152704 nan
0.153318 nan
0.153932 nan
0.154545 nan
0.155159 nan
0.155772 nan
0.156386 nan
0.157000 nan
0.157613 nan
0.158227 nan
0.158840 nan
0.159454 nan
0.160068 nan
0.160681 nan
0.161295 nan
0.161909 nan
0.162522 nan
0.163136 nan
0.163749 nan
0.164363 nan
0.164977 nan
0.165590 nan
0.166204 nan
0.166817 nan
0.167431 nan
0.168045 nan
0.168658 nan
0.169272 nan
0.169885 nan
0.170499 nan
0.171113 nan
0.171726 nan
0.172340 nan
0.172954 nan
0.173567 nan
0.174181 nan
0.174794 nan
0.175408 nan
0.176022 nan
0.176635 nan
0.177249 nan
0.177862 nan
0.178476 nan
0.179090 nan
0.179703 nan
0.180317 nan
0.180930 nan
0.181544 nan
0.182158 nan
0.182771 nan
0.183385 nan
0.183999 nan
0.184612 nan
0.185226 nan
0.185839 nan
0.186453 nan
0.187067 nan
0.187680 nan
0.188294 nan
0.188907 nan
0.189521 nan
0.190135 nan
0.190748 nan
0.191362 nan
0.191976 nan
0.192589 nan
0.193203 nan
0.193816 nan
0.194430 nan
0.195044 nan
0.195657 nan
0.196271 nan
0.196884 nan
0.197498 nan
0.198112 nan
0.198725 nan
0.199339 nan
0.199952 nan
0.200566 nan
0.201180 nan
0.201793 nan
0.202407 nan
0.203021 nan
0.203634 nan
0.204248 nan
0.204861 nan
0.205475 nan
0.206089 nan
0.206702 nan
0.207316 nan
0.207929 nan
0.208543 nan
0.209157 nan
0.209770 nan
0.210384 nan
0.210997 nan
0.211611 nan
0.212225 nan
0.212838 nan
0.213452 nan
0.214066 nan
0.214679 nan
0.215293 nan
0.215906 nan
0.216520 nan
0.217134 nan
0.217747 nan
0.218361 nan
0.218974 nan
0.219588 nan
0.220202 nan
0.220815 nan
0.221429 nan
0.222042 nan
0.222656 nan
0.223270 nan
0.223883 nan
0.224497 nan
0.225111 nan
0.225724 nan
0.226338 nan
0.226951 nan
0.227565 nan
0.228179 nan
0.228792 nan
0.229406 nan
0.230019 nan
0.230633 nan
0.231247 nan
0.231860 nan
0.232474 nan
0.233088 nan
0.233701 nan
0.234315 nan
0.234928 nan
0.235542 nan
0.236156 nan
0.236769 nan
0.237383 nan
0.237996 nan
0.238610 nan
0.239224 nan
0.239837 nan
0.240451 nan
0.241064 nan
0.241678 nan
0.242292 nan
0.242905 nan
0.243519 nan
0.244133 nan
0.244746 nan
0.245360 nan
0.245973 nan
0.246587 nan
0.247201 nan
0.247814 nan
0.248428 nan
0.249041 nan
0.249655 nan
0.250269 nan
0.250882 nan
0.251496 nan
0.252109 nan
0.252723 nan
0.253337 nan
0.253950 nan
0.254564 nan
0.255178 nan
0.255791 nan
0.256405 nan
0.257018 nan
0.257632 nan
0.258246 nan
0.258859 nan
0.259473 nan
0.260086 nan
0.260700 nan
0.261314 nan
0.261927 nan
0.262541 nan
0.263155 nan
0.263768 nan
0.264382 nan
0.264995 nan
0.265609 nan
0.266223 nan
0.266836 nan
0.267450 nan
0.268063 nan
0.268677 nan
0.269291 nan
0.269904 nan
0.270518 nan
0.271131 nan
0.271745 nan
0.272359 nan
0.272972 nan
0.273586 nan
0.274200 nan
0.274813 nan
0.275427 nan
0.276040 nan
0.276654 nan
0.277268 nan
0.277881 nan
0.278495 nan
0.279108 nan
0.279722 nan
0.280336 nan
0.280949 nan
0.281563 nan
0.282176 nan
0.282790 nan
0.283404 nan
0.284017 nan
0.284631 nan
0.285245 nan
0.285858 nan
0.286472 nan
0.287085 nan
0.287699 nan
0.288313 nan
0.288926 nan
0.289540 nan
0.290153 nan
0.290767 nan
0.291381 nan
0.291994 nan
0.292608 nan
0.293221 nan
0.293835 nan
0.294449 nan
0.295062 nan
0.295676 nan
0.296290 nan
0.296903 nan
0.297517 nan
0.298130 nan
0.298744 nan
0.299358 nan
0.299971 nan
0.300585 nan
0.301198 nan
0.301812 nan
0.302426 nan
0.303039 nan
0.303653 nan
0.304267 nan
0.304880 nan
0.305494 nan
0.306107 nan
0.306721 nan
0.307335 nan
0.307948 nan
0.308562 nan
0.309175 nan
0.309789 nan
0.310403 nan
0.311016 nan
0.311630 nan
0.312243 nan
0.312857 nan
0.313471 nan
0.314084 nan
0.314698 nan
0.315312 nan
0.315925 nan
0.316539 nan
0.317152 nan
0.317766 nan
0.318380 nan
0.318993 nan
0.319607 nan
0.320220 nan
0.320834 nan
0.321448 nan
0.322061 nan
0.322675 nan
0.323288 nan
0.323902 nan
0.324516 nan
0.325129 nan
0.325743 nan
0.326357 nan
0.326970 nan
0.327584 nan
0.328197 nan
0.328811 nan
0.329425 nan
0.330038 nan
0.330652 nan
0.331265 nan
0.331879 nan
0.332493 nan
0.333106 nan
0.333720 nan
0.334334 nan
0.334947 nan
0.335561 nan
0.336174 nan
0.336788 nan
0.337402 nan
0.338015 nan
0.338629 nan
0.339242 nan
0.339856 nan
0.340470 nan
0.341083 nan
0.341697 nan
0.342310 nan
0.342924 nan
0.343538 nan
0.344151 nan
0.344765 nan
0.345379 nan
0.345992 nan
0.346606 nan
0.347219 nan
0.347833 nan
0.348447 nan
0.349060 nan
0.349674 nan
0.350287 nan
0.350901 nan
0.351515 nan
0.352128 nan
0.352742 nan
0.353355 nan
0.353969 nan
0.354583 nan
0.355196 nan
0.355810 nan
0.356424 nan
0.357037 nan
0.357651 nan
0.358264 nan
0.358878 nan
0.359492 nan
0.360105 nan
0.360719 nan
0.361332 nan
0.361946 nan
0.362560 nan
0.363173 nan
0.363787 nan
0.364400 nan
0.365014 nan
0.365628 nan
0.366241 nan
0.366855 nan
0.367469 nan
0.368082 nan
0.368696 nan
0.369309 nan
0.369923 nan
0.370537 nan
0.371150 nan
0.371764 nan
0.372377 nan
0.372991 nan
0.373605 nan
0.374218 nan
0.374832 nan
0.375446 nan
0.376059 nan
0.376673 nan
0.377286 nan
0.377900 nan
0.378514 nan
0.379127 nan
0.379741 nan
0.380354 nan
0.380968 nan
0.381582 nan
0.382195 nan
0.382809 nan
0.383422 nan
0.384036 nan
0.384650 nan
0.385263 nan
0.385877 nan
0.386491 nan
0.387104 nan
0.387718 nan
0.388331 nan
0.388945 nan
0.389559 nan
0.390172 nan
0.390786 nan
0.391399 nan
0.392013 nan
0.392627 nan
0.393240 nan
0.393854 nan
0.394467 nan
0.395081 nan
0.395695 nan
0.396308 nan
0.396922 nan
0.397536 nan
0.398149 nan
0.398763 nan
0.399376 nan
0.399990 nan
