0.134679 nan
0.134827 nan
0.134975 nan
0.135123 nan
0.135270 nan
0.135418 nan
0.135566 nan
0.135714 nan
0.135861 nan
0.136009 nan
0.136157 nan
0.136305 nan
0.136452 nan
0.136600 nan
0.136748 nan
0.136896 nan
0.137043 nan
0.137191 nan
0.137339 nan
0.137487 nan
0.137634 nan
0.137782 nan
0.137930 nan
0.138078 nan
0.138225 nan
0.138373 nan
0.138521 nan
0.138669 nan
0.138816 nan
0.138964 nan
0.139112 nan
0.139260 nan
0.139407 nan
0.139555 nan
0.139703 nan
0.139851 nan
0.139998 nan
0.140146 nan
0.140294 nan
0.140442 nan
0.140589 nan
0.140737 nan
0.140885 nan
0.141033 nan
0.141180 nan
0.141328 nan
0.141476 nan
0.141624 nan
0.141771 nan
0.141919 nan
0.142067 nan
0.142215 nan
0.142362 nan
0.142510 nan
0.142658 nan
0.142806 nan
0.142953 nan
0.143101 nan
0.143249 nan
0.143397 nan
0.143544 nan
0.143692 nan
0.143840 nan
0.143988 nan
0.144135 nan
0.144283 nan
0.144431 nan
0.144579 nan
0.144726 nan
0.144874 nan
0.145022 nan
0.145170 nan
0.145317 nan
0.145465 nan
0.145613 nan
0.145761 nan
0.145908 nan
0.146056 nan
0.146204 nan
0.146352 nan
0.146499 nan
0.146647 nan
0.146795 nan
0.146943 nan
0.147090 nan
0.147238 nan
0.147386 nan
0.147534 nan
0.147681 nan
0.147829 nan
0.147977 nan
0.148125 nan
0.148272 nan
0.148420 nan
0.148568 nan
0.148716 nan
0.148863 nan
0.149011 nan
0.149159 nan
0.149307 nan
0.149454 nan
0.149602 nan
0.149750 nan
0.149898 nan
0.150045 nan
0.150193 nan
0.150341 nan
0.150489 nan
0.150636 nan
0.150784 nan
0.150932 nan
0.151080 nan
0.151227 nan
0.151375 nan
0.151523 nan
0.151671 nan
0.151818 nan
0.151966 nan
0.152114 nan
0.152262 nan
0.152409 nan
0.152557 nan
0.152705 nan
0.152853 nan
0.153000 nan
0.153148 nan
0.153296 nan
0.153444 nan
0.153591 nan
0.153739 nan
0.153887 nan
0.154035 nan
0.154182 nan
0.154330 nan
0.154478 nan
0.154626 nan
0.154773 nan
0.154921 nan
0.155069 nan
0.155217 nan
0.155364 nan
0.155512 nan
0.155660 nan
0.155808 nan
0.155955 nan
0.156103 nan
0.156251 nan
0.156399 nan
0.156546 nan
0.156694 nan
0.156842 nan
0.156990 nan
0.157137 nan
0.157285 nan
0.157433 nan
0.157581 nan
0.157728 nan
0.157876 nan
0.158024 nan
0.158172 nan
0.158319 nan
0.158467 nan
0.158615 nan
0.158763 nan
0.158910 nan
0.159058 nan
0.159206 nan
0.159354 nan
0.159501 nan
0.159649 nan
0.159797 nan
0.159945 nan
0.160092 nan
0.160240 nan
0.160388 nan
0.160536 nan
0.160683 nan
0.160831 nan
0.160979 nan
0.161127 nan
0.161274 nan
0.161422 nan
0.161570 nan
0.161718 nan
0.161865 nan
0.162013 nan
0.162161 nan
0.162309 nan
0.162456 nan
0.162604 nan
0.162752 nan
0.162900 nan
0.163047 nan
0.163195 nan
0.163343 nan
0.163491 nan
0.163638 nan
0.163786 nan
0.163934 nan
0.164082 nan
0.164229 nan
0.164377 nan
0.164525 nan
0.164673 nan
0.164820 nan
0.164968 nan
0.165116 nan
0.165264 nan
0.165411 nan
0.165559 nan
0.165707 nan
0.165855 nan
0.166002 nan
0.166150 nan
0.166298 nan
0.166446 nan
0.166593 nan
0.166741 nan
0.166889 nan
0.167037 nan
0.167184 nan
0.167332 nan
0.167480 nan
0.167628 nan
0.167775 nan
0.167923 nan
0.168071 nan
0.168219 nan
0.168366 nan
0.168514 nan
0.168662 nan
0.168810 nan
0.168957 nan
0.169105 nan
0.169253 nan
0.169401 nan
0.169548 nan
0.169696 nan
0.169844 nan
0.169992 nan
0.170139 nan
0.170287 nan
0.170435 nan
0.170583 nan
0.170730 nan
0.170878 nan
0.171026 nan
0.171174 nan
0.171321 nan
0.171469 nan
0.171617 nan
0.171765 nan
0.171912 nan
0.172060 nan
0.172208 nan
0.172356 nan
0.172503 nan
0.172651 nan
0.172799 nan
0.172947 nan
0.173094 nan
0.173242 nan
0.173390 nan
0.173538 nan
0.173685 nan
0.173833 nan
0.173981 nan
0.174129 nan
0.174276 nan
0.174424 nan
0.174572 nan
0.174720 nan
0.174867 nan
0.175015 nan
0.175163 nan
0.175311 nan
0.175458 nan
0.175606 nan
0.175754 nan
0.175902 nan
0.176049 nan
0.176197 nan
0.176345 nan
0.176493 nan
0.176640 nan
0.176788 nan
0.176936 nan
0.177084 nan
0.177231 nan
0.177379 nan
0.177527 nan
0.177675 nan
0.177822 nan
0.177970 nan
0.178118 nan
0.178266 nan
0.178413 nan
0.178561 nan
0.178709 nan
0.178857 nan
0.179004 nan
0.179152 nan
0.179300 nan
0.179448 nan
0.179595 nan
0.179743 nan
0.179891 nan
0.180039 nan
0.180186 nan
0.180334 nan
0.180482 nan
0.180630 nan
0.180777 nan
0.180925 nan
0.181073 nan
0.181221 nan
0.181368 nan
0.181516 nan
0.181664 nan
0.181812 nan
0.181959 nan
0.182107 nan
0.182255 nan
0.182403 nan
0.182550 nan
0.182698 nan
0.182846 nan
0.182994 nan
0.183141 nan
0.183289 nan
0.183437 nan
0.183585 nan
0.183733 nan
0.183880 nan
0.184028 nan
0.184176 nan
0.184324 nan
0.184471 nan
0.184619 nan
0.184767 nan
0.184915 nan
0.185062 nan
0.185210 nan
0.185358 nan
0.185506 nan
0.185653 nan
0.185801 nan
0.185949 nan
0.186097 nan
0.186244 nan
0.186392 nan
0.186540 nan
0.186688 nan
0.186835 nan
0.186983 nan
0.187131 nan
0.187279 nan
0.187426 nan
0.187574 nan
0.187722 nan
0.187870 nan
0.188017 nan
0.188165 nan
0.188313 nan
0.188461 nan
0.188608 nan
0.188756 nan
0.188904 nan
0.189052 nan
0.189199 nan
0.189347 nan
0.189495 nan
0.189643 nan
0.189790 nan
0.189938 nan
0.190086 nan
0.190234 nan
0.190381 nan
0.190529 nan
0.190677 nan
0.190825 nan
0.190972 nan
0.191120 nan
0.191268 nan
0.191416 nan
0.191563 nan
0.191711 nan
0.191859 nan
0.192007 nan
0.192154 nan
0.192302 nan
0.192450 nan
0.192598 nan
0.192745 nan
0.192893 nan
0.193041 nan
0.193189 nan
0.193336 nan
0.193484 nan
0.193632 nan
0.193780 nan
0.193927 nan
0.194075 nan
0.194223 nan
0.194371 nan
0.194518 nan
0.194666 nan
0.194814 nan
0.194962 nan
0.195109 nan
0.195257 nan
0.195405 nan
0.195553 nan
0.195700 nan
0.195848 nan
0.195996 nan
0.196144 nan
0.196291 nan
0.196439 nan
0.196587 nan
0.196735 nan
0.196882 nan
0.197030 nan
0.197178 nan
0.197326 nan
0.197473 nan
0.197621 nan
0.197769 nan
0.197917 nan
0.198064 nan
0.198212 nan
0.198360 nan
0.198508 nan
0.198655 nan
0.198803 nan
0.198951 nan
0.199099 nan
0.199246 nan
0.199394 nan
0.199542 nan
0.199690 nan
0.199837 nan
0.199985 nan
0.200133 nan
0.200281 nan
0.200428 nan
0.200576 nan
0.200724 nan
0.200872 nan
0.201019 nan
0.201167 nan
0.201315 nan
0.201463 nan
0.201610 nan
0.201758 nan
0.201906 nan
0.202054 nan
0.202201 nan
0.202349 nan
0.202497 nan
0.202645 nan
0.202792 nan
0.202940 nan
0.203088 nan
0.203236 nan
0.203383 nan
0.203531 nan
0.203679 nan
0.203827 nan
0.203974 nan
0.204122 nan
0.204270 nan
0.204418 nan
0.204565 nan
0.204713 nan
0.204861 nan
0.205009 nan
0.205156 nan
0.205304 nan
0.205452 nan
0.205600 nan
0.205747 nan
0.205895 nan
0.206043 nan
0.206191 nan
0.206338 nan
0.206486 nan
0.206634 nan
0.206782 nan
0.206929 nan
0.207077 nan
0.207225 nan
0.207373 nan
0.207520 nan
0.207668 nan
0.207816 nan
0.207964 nan
0.208111 nan
0.208259 nan
0.208407 nan
