0.400000 0.814169
0.399198 0.813513
0.398397 0.812855
0.397595 0.812192
0.396794 0.811527
0.395992 0.810858
0.395190 0.810185
0.394389 0.809509
0.393587 0.808830
0.392786 0.808147
0.391984 0.807460
0.391182 0.806770
0.390381 0.806077
0.389579 0.805379
0.388778 0.804679
0.387976 0.803974
0.387174 0.803266
0.386373 0.802554
0.385571 0.801838
0.384770 0.801119
0.383968 0.800396
0.383166 0.799669
0.382365 0.798938
0.381563 0.798203
0.380762 0.797464
0.379960 0.796722
0.379158 0.795975
0.378357 0.795225
0.377555 0.794470
0.376754 0.793712
0.375952 0.792949
0.375150 0.792183
0.374349 0.791412
0.373547 0.790637
0.372745 0.789858
0.371944 0.789075
0.371142 0.788287
0.370341 0.787495
0.369539 0.786699
0.368737 0.785899
0.367936 0.785094
0.367134 0.784285
0.366333 0.783471
0.365531 0.782653
0.364729 0.781830
0.363928 0.781003
0.363126 0.780172
0.362325 0.779335
0.361523 0.778494
0.360721 0.777649
0.359920 0.776799
0.359118 0.775944
0.358317 0.775084
0.357515 0.774220
0.356713 0.773350
0.355912 0.772476
0.355110 0.771597
0.354309 0.770713
0.353507 0.769824
0.352705 0.768930
0.351904 0.768031
0.351102 0.767127
0.350301 0.766217
0.349499 0.765303
0.348697 0.764383
0.347896 0.763458
0.347094 0.762528
0.346293 0.761593
0.345491 0.760652
0.344689 0.759705
0.343888 0.758754
0.343086 0.757796
0.342285 0.756834
0.341483 0.755865
0.340681 0.754891
0.339880 0.753912
0.339078 0.752926
0.338277 0.751935
0.337475 0.750938
0.336673 0.749936
0.335872 0.748927
0.335070 0.747913
0.334269 0.746890
0.333467 0.745863
0.332665 0.744831
0.331864 0.743792
0.331062 0.742747
0.330261 0.741696
0.329459 0.740638
0.328657 0.739575
0.327856 0.738504
0.327054 0.737428
0.326253 0.736345
0.325451 0.735255
0.324649 0.734159
0.323848 0.733056
0.323046 0.731947
0.322244 0.730831
0.321443 0.729708
0.320641 0.728578
0.319840 0.727441
0.319038 0.726297
0.318236 0.725147
0.317435 0.723989
0.316633 0.722824
0.315832 0.721652
0.315030 0.720472
0.314228 0.719286
0.313427 0.718091
0.312625 0.716890
0.311824 0.715681
0.311022 0.714464
0.310220 0.713240
0.309419 0.712008
0.308617 0.710768
0.307816 0.709521
0.307014 0.708266
0.306212 0.707002
0.305411 0.705731
0.304609 0.704451
0.303808 0.703164
0.303006 0.701868
0.302204 0.700564
0.301403 0.699251
0.300601 0.697930
0.299800 0.696601
0.298998 0.695263
0.298196 0.693916
0.297395 0.692560
0.296593 0.691196
0.295792 0.689823
0.294990 0.688440
0.294188 0.687049
0.293387 0.685649
0.292585 0.684239
0.291784 0.682820
0.290982 0.681392
0.290180 0.679954
0.289379 0.678507
0.288577 0.677050
0.287776 0.675580
0.286974 0.674103
0.286172 0.672617
0.285371 0.671120
0.284569 0.669614
0.283768 0.668097
0.282966 0.666570
0.282164 0.665033
0.281363 0.663485
0.280561 0.661926
0.279760 0.660357
0.278958 0.658777
0.278156 0.657187
0.277355 0.655585
0.276553 0.653972
0.275752 0.652349
0.274950 0.650713
0.274148 0.649067
0.273347 0.647409
0.272545 0.645739
0.271743 0.644058
0.270942 0.642365
0.270140 0.640660
0.269339 0.638943
0.268537 0.637214
0.267735 0.635473
0.266934 0.633719
0.266132 0.631953
0.265331 0.630174
0.264529 0.628382
0.263727 0.626578
0.262926 0.624760
0.262124 0.622929
0.261323 0.621085
0.260521 0.619228
0.259719 0.617357
0.258918 0.615473
0.258116 0.613575
0.257315 0.611658
0.256513 0.609731
0.255711 0.607791
0.254910 0.605836
0.254108 0.603866
0.253307 0.601882
0.252505 0.599883
0.251703 0.597869
0.250902 0.595840
0.250100 0.593796
0.249299 0.591737
0.248497 0.589661
0.247695 0.587571
0.246894 0.585464
0.246092 0.583341
0.245291 0.581202
0.244489 0.579046
0.243687 0.576874
0.242886 0.574686
0.242084 0.572480
0.241283 0.570257
0.240481 0.568017
0.239679 0.565760
0.238878 0.563479
0.238076 0.561186
0.237275 0.558875
0.236473 0.556545
0.235671 0.554197
0.234870 0.551831
0.234068 0.549446
0.233267 0.547041
0.232465 0.544618
0.231663 0.542175
0.230862 0.539712
0.230060 0.537229
0.229259 0.534727
0.228457 0.532204
0.227655 0.529660
0.226854 0.527096
0.226052 0.524505
0.225251 0.521898
0.224449 0.519270
0.223647 0.516620
0.222846 0.513948
0.222044 0.511253
0.221242 0.508536
0.220441 0.505797
0.219639 0.503034
0.218838 0.500248
0.218036 0.497439
0.217234 0.494606
0.216433 0.491748
0.215631 0.488867
0.214830 0.485954
0.214028 0.483022
0.213226 0.480065
0.212425 0.477083
0.211623 0.474074
0.210822 0.471040
0.210020 0.467979
0.209218 0.464891
0.208417 0.461776
0.207615 0.458633
0.206814 0.455457
0.206012 0.452258
0.205210 0.449031
0.204409 0.445774
0.203607 0.442489
0.202806 0.439174
0.202004 0.435829
0.201202 0.432454
0.200401 0.429048
0.199599 0.425605
0.198798 0.422136
0.197996 0.418635
0.197194 0.415102
0.196393 0.411536
0.195591 0.407938
0.194790 0.404305
0.193988 0.400632
0.193186 0.396931
0.192385 0.393195
0.191583 0.389424
0.190782 0.385617
0.189980 0.381773
0.189178 0.377887
0.188377 0.373969
0.187575 0.370013
0.186774 0.366020
0.185972 0.361987
0.185170 0.357916
0.184369 0.353797
0.183567 0.349645
0.182766 0.345452
0.181964 0.341217
0.181162 0.336933
0.180361 0.332614
0.179559 0.328251
0.178758 0.323844
0.177956 0.319386
0.177154 0.314890
0.176353 0.310347
0.175551 0.305759
0.174749 0.301116
0.173948 0.296432
0.173146 0.291701
0.172345 0.286912
0.171543 0.282081
0.170741 0.277200
0.169940 0.272260
0.169138 0.267275
0.168337 0.262230
0.167535 0.257138
0.166733 0.251985
0.165932 0.246784
0.165130 0.241519
0.164329 0.236205
0.163527 0.230826
0.162725 0.225395
0.161924 0.219898
0.161122 0.214348
0.160321 0.208729
0.159519 0.203047
0.158717 0.197303
0.157916 0.191502
0.157114 0.185628
0.156313 0.179688
0.155511 0.173681
0.154709 0.167605
0.153908 0.161461
0.153106 0.155238
0.152305 0.148953
0.151503 0.142595
0.150701 0.136156
0.149900 0.129642
0.149098 0.123053
0.148297 0.116388
0.147495 0.109646
0.146693 0.102810
0.145892 0.095903
0.145090 0.088902
0.144289 0.081821
0.143487 0.074653
0.142685 0.067400
0.141884 0.060055
0.141082 0.052617
0.140281 0.045096
0.139479 0.037479
0.138677 0.029771
0.137876 0.021982
0.137074 0.014133
0.136273 0.006375
0.135471 0.000985
0.134669 0.000296
0.133868 0.000168
0.133066 0.000117
0.132265 0.000087
0.131463 0.000072
0.130661 0.000059
0.129860 0.000052
0.129058 0.000044
0.128257 0.000039
0.127455 0.000035
0.126653 0.000032
0.125852 0.000028
0.125050 0.000025
0.124248 0.000023
0.123447 0.000021
0.122645 0.000019
0.121844 0.000017
0.121042 0.000015
0.120240 0.000013
0.119439 0.000012
0.118637 0.000010
0.117836 0.000009
0.117034 0.000008
0.116232 0.000006
0.115431 0.000005
0.114629 0.000005
0.113828 0.000004
0.113026 0.000003
0.112224 0.000003
0.111423 0.000002
0.110621 0.000002
0.109820 0.000001
0.109018 0.000001
0.108216 0.000001
0.107415 0.000001
0.106613 0.000001
0.105812 0.000000
0.105010 0.000000
0.104208 0.000000
0.103407 0.000000
0.102605 0.000000
0.101804 0.000000
0.101002 0.000000
0.100200 0.000000
0.099399 0.000000
0.098597 0.000000
0.097796 0.000000
0.096994 0.000000
0.096192 0.000000
0.095391 0.000000
0.094589 0.000000
0.093788 0.000000
0.092986 0.000000
0.092184 0.000000
0.091383 0.000000
0.090581 0.000000
0.089780 0.000000
0.088978 0.000000
0.088176 0.000000
0.087375 0.000000
0.086573 0.000000
0.085772 0.000000
0.084970 0.000000
0.084168 0.000000
0.083367 0.000000
0.082565 0.000000
0.081764 0.000000
0.080962 0.000000
0.080160 0.000000
0.079359 0.000000
0.078557 0.000000
0.077756 0.000000
0.076954 0.000000
0.076152 0.000000
0.075351 0.000000
0.074549 0.000000
0.073747 0.000000
0.072946 0.000000
0.072144 0.000000
0.071343 0.000000
0.070541 0.000000
0.069739 0.000000
0.068938 0.000000
0.068136 0.000000
0.067335 0.000000
0.066533 0.000000
0.065731 0.000000
0.064930 0.000000
0.064128 0.000000
0.063327 0.000000
0.062525 0.000000
0.061723 0.000000
0.060922 0.000000
0.060120 0.000000
0.059319 0.000000
0.058517 0.000000
0.057715 0.000000
0.056914 0.000000
0.056112 0.000000
0.055311 0.000000
0.054509 0.000000
0.053707 0.000000
0.052906 0.000000
0.052104 0.000000
0.051303 0.000000
0.050501 0.000000
0.049699 0.000000
0.048898 0.000000
0.048096 0.000000
0.047295 0.000000
0.046493 0.000000
0.045691 0.000000
0.044890 0.000000
0.044088 0.000000
0.043287 0.000000
0.042485 0.000000
0.041683 0.000000
0.040882 0.000000
0.040080 0.000000
0.039279 0.000000
0.038477 0.000000
0.037675 0.000000
0.036874 0.000000
0.036072 0.000000
0.035271 0.000000
0.034469 0.000000
0.033667 0.000000
0.032866 0.000000
0.032064 0.000000
0.031263 0.000000
0.030461 0.000000
0.029659 0.000000
0.028858 0.000000
0.028056 0.000000
0.027255 0.000000
0.026453 0.000000
0.025651 0.000000
0.024850 0.000000
0.024048 0.000000
0.023246 0.000000
0.022445 0.000000
0.021643 0.000000
0.020842 0.000000
0.020040 0.000000
0.019238 0.000000
0.018437 0.000000
0.017635 0.000000
0.016834 0.000000
0.016032 0.000000
0.015230 0.000000
0.014429 0.000000
0.013627 0.000000
0.012826 0.000000
0.012024 0.000000
0.011222 0.000000
0.010421 0.000000
0.009619 0.000000
0.008818 0.000000
0.008016 0.000000
0.007214 0.000000
0.006413 0.000000
0.005611 0.000000
0.004810 0.000000
0.004008 0.000000
0.003206 0.000000
0.002405 0.000000
0.001603 0.000000
0.000802 0.000000
0.000000 0.000000
