0.400000 0.809621
0.399198 0.809068
0.398397 0.808513
0.397595 0.807956
0.396794 0.807396
0.395992 0.806834
0.395190 0.806269
0.394389 0.805702
0.393587 0.805132
0.392786 0.804560
0.391984 0.803985
0.391182 0.803408
0.390381 0.802828
0.389579 0.802246
0.388778 0.801661
0.387976 0.801074
0.387174 0.800484
0.386373 0.799891
0.385571 0.799296
0.384770 0.798698
0.383968 0.798097
0.383166 0.797494
0.382365 0.796888
0.381563 0.796280
0.380762 0.795669
0.379960 0.795055
0.379158 0.794438
0.378357 0.793818
0.377555 0.793196
0.376754 0.792571
0.375952 0.791943
0.375150 0.791312
0.374349 0.790679
0.373547 0.790042
0.372745 0.789403
0.371944 0.788761
0.371142 0.788116
0.370341 0.787468
0.369539 0.786817
0.368737 0.786163
0.367936 0.785506
0.367134 0.784846
0.366333 0.784183
0.365531 0.783517
0.364729 0.782848
0.363928 0.782175
0.363126 0.781500
0.362325 0.780822
0.361523 0.780140
0.360721 0.779456
0.359920 0.778768
0.359118 0.778077
0.358317 0.777382
0.357515 0.776685
0.356713 0.775984
0.355912 0.775280
0.355110 0.774573
0.354309 0.773862
0.353507 0.773148
0.352705 0.772431
0.351904 0.771710
0.351102 0.770986
0.350301 0.770259
0.349499 0.769528
0.348697 0.768793
0.347896 0.768055
0.347094 0.767314
0.346293 0.766569
0.345491 0.765820
0.344689 0.765068
0.343888 0.764313
0.343086 0.763553
0.342285 0.762790
0.341483 0.762024
0.340681 0.761253
0.339880 0.760479
0.339078 0.759701
0.338277 0.758920
0.337475 0.758134
0.336673 0.757345
0.335872 0.756552
0.335070 0.755755
0.334269 0.754954
0.333467 0.754150
0.332665 0.753341
0.331864 0.752528
0.331062 0.751712
0.330261 0.750891
0.329459 0.750066
0.328657 0.749237
0.327856 0.748404
0.327054 0.747567
0.326253 0.746724
0.325451 0.745879
0.324649 0.745029
0.323848 0.744175
0.323046 0.743317
0.322244 0.742454
0.321443 0.741588
0.320641 0.740716
0.319840 0.739841
0.319038 0.738960
0.318236 0.738076
0.317435 0.737187
0.316633 0.736293
0.315832 0.735395
0.315030 0.734492
0.314228 0.733585
0.313427 0.732673
0.312625 0.731756
0.311824 0.730834
0.311022 0.729908
0.310220 0.728977
0.309419 0.728041
0.308617 0.727100
0.307816 0.726155
0.307014 0.725204
0.306212 0.724249
0.305411 0.723288
0.304609 0.722322
0.303808 0.721352
0.303006 0.720376
0.302204 0.719395
0.301403 0.718409
0.300601 0.717418
0.299800 0.716421
0.298998 0.715419
0.298196 0.714412
0.297395 0.713399
0.296593 0.712381
0.295792 0.711357
0.294990 0.710328
0.294188 0.709294
0.293387 0.708253
0.292585 0.707207
0.291784 0.706156
0.290982 0.705099
0.290180 0.704036
0.289379 0.702967
0.288577 0.701892
0.287776 0.700811
0.286974 0.699725
0.286172 0.698632
0.285371 0.697534
0.284569 0.696429
0.283768 0.695318
0.282966 0.694201
0.282164 0.693078
0.281363 0.691948
0.280561 0.690812
0.279760 0.689670
0.278958 0.688521
0.278156 0.687366
0.277355 0.686204
0.276553 0.685036
0.275752 0.683861
0.274950 0.682679
0.274148 0.681491
0.273347 0.680296
0.272545 0.679094
0.271743 0.677885
0.270942 0.676669
0.270140 0.675446
0.269339 0.674216
0.268537 0.672978
0.267735 0.671734
0.266934 0.670482
0.266132 0.669223
0.265331 0.667956
0.264529 0.666682
0.263727 0.665401
0.262926 0.664112
0.262124 0.662815
0.261323 0.661511
0.260521 0.660199
0.259719 0.658879
0.258918 0.657551
0.258116 0.656215
0.257315 0.654871
0.256513 0.653518
0.255711 0.652158
0.254910 0.650789
0.254108 0.649412
0.253307 0.648027
0.252505 0.646633
0.251703 0.645231
0.250902 0.643820
0.250100 0.642400
0.249299 0.640971
0.248497 0.639534
0.247695 0.638087
0.246894 0.636632
0.246092 0.635167
0.245291 0.633694
0.244489 0.632211
0.243687 0.630718
0.242886 0.629216
0.242084 0.627705
0.241283 0.626184
0.240481 0.624653
0.239679 0.623109
0.238878 0.621558
0.238076 0.619997
0.237275 0.618426
0.236473 0.616845
0.235671 0.615254
0.234870 0.613652
0.234068 0.612040
0.233267 0.610418
0.232465 0.608784
0.231663 0.607140
0.230862 0.605485
0.230060 0.603818
0.229259 0.602141
0.228457 0.600453
0.227655 0.598753
0.226854 0.597041
0.226052 0.595318
0.225251 0.593584
0.224449 0.591837
0.223647 0.590079
0.222846 0.588309
0.222044 0.586526
0.221242 0.584731
0.220441 0.582924
0.219639 0.581104
0.218838 0.579272
0.218036 0.577427
0.217234 0.575568
0.216433 0.573697
0.215631 0.571813
0.214830 0.569915
0.214028 0.568003
0.213226 0.566079
0.212425 0.564140
0.211623 0.562187
0.210822 0.560220
0.210020 0.558239
0.209218 0.556240
0.208417 0.554230
0.207615 0.552205
0.206814 0.550166
0.206012 0.548111
0.205210 0.546042
0.204409 0.543957
0.203607 0.541856
0.202806 0.539740
0.202004 0.537607
0.201202 0.535459
0.200401 0.533295
0.199599 0.531114
0.198798 0.528916
0.197996 0.526702
0.197194 0.524471
0.196393 0.522222
0.195591 0.519956
0.194790 0.517673
0.193988 0.515371
0.193186 0.513052
0.192385 0.510715
0.191583 0.508359
0.190782 0.505984
0.189980 0.503591
0.189178 0.501178
0.188377 0.498742
0.187575 0.496290
0.186774 0.493819
0.185972 0.491328
0.185170 0.488816
0.184369 0.486284
0.183567 0.483730
0.182766 0.481156
0.181964 0.478561
0.181162 0.475944
0.180361 0.473305
0.179559 0.470644
0.178758 0.467960
0.177956 0.465254
0.177154 0.462525
0.176353 0.459773
0.175551 0.456997
0.174749 0.454192
0.173948 0.451368
0.173146 0.448519
0.172345 0.445645
0.171543 0.442746
0.170741 0.439822
0.169940 0.436871
0.169138 0.433895
0.168337 0.430892
0.167535 0.427862
0.166733 0.424804
0.165932 0.421719
0.165130 0.418606
0.164329 0.415465
0.163527 0.412289
0.162725 0.409089
0.161924 0.405860
0.161122 0.402600
0.160321 0.399310
0.159519 0.395989
0.158717 0.392637
0.157916 0.389252
0.157114 0.385836
0.156313 0.382387
0.155511 0.378899
0.154709 0.375382
0.153908 0.371831
0.153106 0.368245
0.152305 0.364625
0.151503 0.360968
0.150701 0.357275
0.149900 0.353545
0.149098 0.349772
0.148297 0.345966
0.147495 0.342122
0.146693 0.338238
0.145892 0.334315
0.145090 0.330351
0.144289 0.326340
0.143487 0.322293
0.142685 0.318204
0.141884 0.314071
0.141082 0.309895
0.140281 0.305674
0.139479 0.301402
0.138677 0.297089
0.137876 0.292730
0.137074 0.288323
0.136273 0.283862
0.135471 0.279358
0.134669 0.274803
0.133868 0.270198
0.133066 0.265535
0.132265 0.260825
0.131463 0.256062
0.130661 0.251244
0.129860 0.246365
0.129058 0.241435
0.128257 0.236442
0.127455 0.231396
0.126653 0.226291
0.125852 0.221119
0.125050 0.215892
0.124248 0.210596
0.123447 0.205242
0.122645 0.199816
0.121844 0.194331
0.121042 0.188771
0.120240 0.183150
0.119439 0.177451
0.118637 0.171682
0.117836 0.165839
0.117034 0.159929
0.116232 0.153937
0.115431 0.147868
0.114629 0.141720
0.113828 0.135486
0.113026 0.129177
0.112224 0.122785
0.111423 0.116302
0.110621 0.109733
0.109820 0.103076
0.109018 0.096331
0.108216 0.089495
0.107415 0.082561
0.106613 0.075527
0.105812 0.068400
0.105010 0.061180
0.104208 0.053854
0.103407 0.046423
0.102605 0.038893
0.101804 0.031273
0.101002 0.023568
0.100200 0.015813
0.099399 0.008208
0.098597 0.002277
0.097796 0.000711
0.096994 0.000304
0.096192 0.000072
0.095391 0.000007
0.094589 0.000000
0.093788 0.000000
0.092986 0.000000
0.092184 0.000000
0.091383 0.000000
0.090581 0.000000
0.089780 0.000000
0.088978 0.000000
0.088176 0.000000
0.087375 0.000000
0.086573 0.000000
0.085772 0.000000
0.084970 0.000000
0.084168 0.000000
0.083367 0.000000
0.082565 0.000000
0.081764 0.000000
0.080962 0.000000
0.080160 0.000000
0.079359 0.000000
0.078557 0.000000
0.077756 0.000000
0.076954 0.000000
0.076152 0.000000
0.075351 0.000000
0.074549 0.000000
0.073747 -0.000000
0.072946 -0.000000
0.072144 -0.000000
0.071343 -0.000000
0.070541 -0.000000
0.069739 -0.000000
0.068938 -0.000000
0.068136 -0.000000
0.067335 0.000000
0.066533 0.000000
0.065731 0.000000
0.064930 0.000000
0.064128 -0.000000
0.063327 -0.000000
0.062525 -0.000000
0.061723 0.000000
0.060922 0.000000
0.060120 0.000000
0.059319 0.000000
0.058517 0.000000
0.057715 0.000000
0.056914 0.000000
0.056112 0.000000
0.055311 0.000000
0.054509 0.000000
0.053707 0.000000
0.052906 0.000000
0.052104 0.000000
0.051303 0.000000
0.050501 0.000000
0.049699 0.000000
0.048898 0.000000
0.048096 0.000000
0.047295 0.000000
0.046493 0.000000
0.045691 0.000000
0.044890 0.000000
0.044088 0.000000
0.043287 0.000000
0.042485 0.000000
0.041683 0.000000
0.040882 0.000000
0.040080 0.000000
0.039279 0.000000
0.038477 0.000000
0.037675 0.000000
0.036874 0.000000
0.036072 0.000000
0.035271 0.000000
0.034469 0.000000
0.033667 0.000000
0.032866 0.000000
0.032064 0.000000
0.031263 0.000000
0.030461 0.000000
0.029659 0.000000
0.028858 0.000000
0.028056 0.000000
0.027255 0.000000
0.026453 0.000000
0.025651 0.000000
0.024850 0.000000
0.024048 0.000000
0.023246 0.000000
0.022445 0.000000
0.021643 0.000000
0.020842 0.000000
0.020040 0.000000
0.019238 0.000000
0.018437 0.000000
0.017635 0.000000
0.016834 -0.000000
0.016032 0.000000
0.015230 0.000000
0.014429 0.000000
0.013627 0.000000
0.012826 -0.000000
0.012024 0.000000
0.011222 0.000000
0.010421 0.000000
0.009619 0.000000
0.008818 0.000000
0.008016 0.000000
0.007214 0.000000
0.006413 0.000000
0.005611 0.000000
0.004810 0.000000
0.004008 0.000000
0.003206 -0.000000
0.002405 0.000000
0.001603 0.000000
0.000802 0.000000
0.000000 0.000000
