0.400000 0.797955
0.399198 0.797312
0.398397 0.796664
0.397595 0.796014
0.396794 0.795360
0.395992 0.794703
0.395190 0.794041
0.394389 0.793377
0.393587 0.792710
0.392786 0.792040
0.391984 0.791367
0.391182 0.790690
0.390381 0.790009
0.389579 0.789326
0.388778 0.788639
0.387976 0.787948
0.387174 0.787254
0.386373 0.786557
0.385571 0.785856
0.384770 0.785151
0.383968 0.784443
0.383166 0.783732
0.382365 0.783017
0.381563 0.782298
0.380762 0.781575
0.379960 0.780849
0.379158 0.780119
0.378357 0.779386
0.377555 0.778648
0.376754 0.777907
0.375952 0.777163
0.375150 0.776414
0.374349 0.775661
0.373547 0.774905
0.372745 0.774144
0.371944 0.773380
0.371142 0.772612
0.370341 0.771840
0.369539 0.771064
0.368737 0.770283
0.367936 0.769499
0.367134 0.768710
0.366333 0.767918
0.365531 0.767121
0.364729 0.766320
0.363928 0.765515
0.363126 0.764706
0.362325 0.763892
0.361523 0.763074
0.360721 0.762252
0.359920 0.761425
0.359118 0.760594
0.358317 0.759759
0.357515 0.758919
0.356713 0.758074
0.355912 0.757225
0.355110 0.756372
0.354309 0.755514
0.353507 0.754651
0.352705 0.753784
0.351904 0.752912
0.351102 0.752035
0.350301 0.751153
0.349499 0.750267
0.348697 0.749376
0.347896 0.748480
0.347094 0.747579
0.346293 0.746673
0.345491 0.745762
0.344689 0.744847
0.343888 0.743926
0.343086 0.743000
0.342285 0.742069
0.341483 0.741132
0.340681 0.740191
0.339880 0.739244
0.339078 0.738292
0.338277 0.737335
0.337475 0.736373
0.336673 0.735405
0.335872 0.734431
0.335070 0.733452
0.334269 0.732468
0.333467 0.731478
0.332665 0.730482
0.331864 0.729481
0.331062 0.728474
0.330261 0.727462
0.329459 0.726443
0.328657 0.725419
0.327856 0.724389
0.327054 0.723353
0.326253 0.722311
0.325451 0.721263
0.324649 0.720209
0.323848 0.719149
0.323046 0.718083
0.322244 0.717010
0.321443 0.715932
0.320641 0.714847
0.319840 0.713756
0.319038 0.712658
0.318236 0.711554
0.317435 0.710443
0.316633 0.709326
0.315832 0.708202
0.315030 0.707072
0.314228 0.705935
0.313427 0.704791
0.312625 0.703641
0.311824 0.702483
0.311022 0.701316
0.310220 0.700144
0.309419 0.698966
0.308617 0.697780
0.307816 0.696588
0.307014 0.695388
0.306212 0.694181
0.305411 0.692966
0.304609 0.691744
0.303808 0.690515
0.303006 0.689278
0.302204 0.688034
0.301403 0.686782
0.300601 0.685522
0.299800 0.684255
0.298998 0.682979
0.298196 0.681696
0.297395 0.680405
0.296593 0.679106
0.295792 0.677799
0.294990 0.676483
0.294188 0.675160
0.293387 0.673828
0.292585 0.672487
0.291784 0.671139
0.290982 0.669781
0.290180 0.668416
0.289379 0.667041
0.288577 0.665658
0.287776 0.664266
0.286974 0.662865
0.286172 0.661455
0.285371 0.660036
0.284569 0.658608
0.283768 0.657171
0.282966 0.655724
0.282164 0.654268
0.281363 0.652803
0.280561 0.651328
0.279760 0.649844
0.278958 0.648350
0.278156 0.646846
0.277355 0.645332
0.276553 0.643808
0.275752 0.642274
0.274950 0.640730
0.274148 0.639176
0.273347 0.637611
0.272545 0.636036
0.271743 0.634451
0.270942 0.632855
0.270140 0.631248
0.269339 0.629626
0.268537 0.627997
0.267735 0.626358
0.266934 0.624707
0.266132 0.623045
0.265331 0.621371
0.264529 0.619687
0.263727 0.617990
0.262926 0.616282
0.262124 0.614563
0.261323 0.612831
0.260521 0.611087
0.259719 0.609332
0.258918 0.607564
0.258116 0.605784
0.257315 0.603991
0.256513 0.602186
0.255711 0.600368
0.254910 0.598537
0.254108 0.596694
0.253307 0.594837
0.252505 0.592967
0.251703 0.591084
0.250902 0.589188
0.250100 0.587277
0.249299 0.585354
0.248497 0.583416
0.247695 0.581464
0.246894 0.579498
0.246092 0.577514
0.245291 0.575519
0.244489 0.573510
0.243687 0.571486
0.242886 0.569447
0.242084 0.567394
0.241283 0.565325
0.240481 0.563241
0.239679 0.561141
0.238878 0.559026
0.238076 0.556895
0.237275 0.554748
0.236473 0.552585
0.235671 0.550405
0.234870 0.548210
0.234068 0.545997
0.233267 0.543768
0.232465 0.541522
0.231663 0.539259
0.230862 0.536978
0.230060 0.534680
0.229259 0.532364
0.228457 0.530025
0.227655 0.527673
0.226854 0.525303
0.226052 0.522914
0.225251 0.520507
0.224449 0.518081
0.223647 0.515635
0.222846 0.513171
0.222044 0.510687
0.221242 0.508183
0.220441 0.505659
0.219639 0.503115
0.218838 0.500551
0.218036 0.497966
0.217234 0.495361
0.216433 0.492734
0.215631 0.490080
0.214830 0.487411
0.214028 0.484719
0.213226 0.482005
0.212425 0.479269
0.211623 0.476511
0.210822 0.473730
0.210020 0.470925
0.209218 0.468098
0.208417 0.465247
0.207615 0.462372
0.206814 0.459472
0.206012 0.456543
0.205210 0.453594
0.204409 0.450621
0.203607 0.447622
0.202806 0.444597
0.202004 0.441547
0.201202 0.438470
0.200401 0.435366
0.199599 0.432236
0.198798 0.429079
0.197996 0.425894
0.197194 0.422675
0.196393 0.419434
0.195591 0.416164
0.194790 0.412866
0.193988 0.409538
0.193186 0.406180
0.192385 0.402792
0.191583 0.399375
0.190782 0.395920
0.189980 0.392440
0.189178 0.388928
0.188377 0.385384
0.187575 0.381808
0.186774 0.378200
0.185972 0.374558
0.185170 0.370876
0.184369 0.367166
0.183567 0.363422
0.182766 0.359643
0.181964 0.355828
0.181162 0.351977
0.180361 0.348084
0.179559 0.344160
0.178758 0.340199
0.177956 0.336199
0.177154 0.332162
0.176353 0.328079
0.175551 0.323963
0.174749 0.319807
0.173948 0.315611
0.173146 0.311367
0.172345 0.307088
0.171543 0.302766
0.170741 0.298402
0.169940 0.293988
0.169138 0.289537
0.168337 0.285040
0.167535 0.280499
0.166733 0.275905
0.165932 0.271271
0.165130 0.266590
0.164329 0.261854
0.163527 0.257076
0.162725 0.252242
0.161924 0.247365
0.161122 0.242438
0.160321 0.237451
0.159519 0.232420
0.158717 0.227328
0.157916 0.222190
0.157114 0.216990
0.156313 0.211742
0.155511 0.206430
0.154709 0.201062
0.153908 0.195642
0.153106 0.190157
0.152305 0.184611
0.151503 0.179006
0.150701 0.173338
0.149900 0.167616
0.149098 0.161823
0.148297 0.155958
0.147495 0.150035
0.146693 0.144046
0.145892 0.137991
0.145090 0.131859
0.144289 0.125666
0.143487 0.119395
0.142685 0.113054
0.141884 0.106640
0.141082 0.100147
0.140281 0.093588
0.139479 0.086939
0.138677 0.080224
0.137876 0.073428
0.137074 0.066549
0.136273 0.059590
0.135471 0.052554
0.134669 0.045436
0.133868 0.038245
0.133066 0.030982
0.132265 0.023658
0.131463 0.016338
0.130661 0.009188
0.129860 0.003321
0.129058 0.001121
0.128257 0.000594
0.127455 0.000376
0.126653 0.000199
0.125852 0.000087
0.125050 0.000031
0.124248 0.000008
0.123447 0.000002
0.122645 0.000000
0.121844 0.000000
0.121042 0.000000
0.120240 0.000000
0.119439 0.000000
0.118637 0.000000
0.117836 0.000000
0.117034 0.000000
0.116232 0.000000
0.115431 0.000000
0.114629 0.000000
0.113828 0.000000
0.113026 0.000000
0.112224 0.000000
0.111423 0.000000
0.110621 0.000000
0.109820 0.000000
0.109018 0.000000
0.108216 0.000000
0.107415 0.000000
0.106613 0.000000
0.105812 0.000000
0.105010 0.000000
0.104208 0.000000
0.103407 0.000000
0.102605 0.000000
0.101804 0.000000
0.101002 0.000000
0.100200 0.000000
0.099399 0.000000
0.098597 0.000000
0.097796 0.000000
0.096994 0.000000
0.096192 0.000000
0.095391 0.000000
0.094589 0.000000
0.093788 0.000000
0.092986 0.000000
0.092184 0.000000
0.091383 0.000000
0.090581 0.000000
0.089780 0.000000
0.088978 0.000000
0.088176 0.000000
0.087375 0.000000
0.086573 0.000000
0.085772 0.000000
0.084970 0.000000
0.084168 0.000000
0.083367 0.000000
0.082565 0.000000
0.081764 -0.000000
0.080962 0.000000
0.080160 0.000000
0.079359 0.000000
0.078557 0.000000
0.077756 -0.000000
0.076954 0.000000
0.076152 0.000000
0.075351 0.000000
0.074549 0.000000
0.073747 -0.000000
0.072946 0.000000
0.072144 -0.000000
0.071343 0.000000
0.070541 0.000000
0.069739 0.000000
0.068938 0.000000
0.068136 0.000000
0.067335 0.000000
0.066533 0.000000
0.065731 0.000000
0.064930 0.000000
0.064128 -0.000000
0.063327 -0.000000
0.062525 -0.000000
0.061723 0.000000
0.060922 0.000000
0.060120 0.000000
0.059319 0.000000
0.058517 0.000000
0.057715 0.000000
0.056914 0.000000
0.056112 0.000000
0.055311 0.000000
0.054509 0.000000
0.053707 0.000000
0.052906 0.000000
0.052104 0.000000
0.051303 0.000000
0.050501 -0.000000
0.049699 0.000000
0.048898 0.000000
0.048096 0.000000
0.047295 0.000000
0.046493 0.000000
0.045691 0.000000
0.044890 0.000000
0.044088 0.000000
0.043287 0.000000
0.042485 0.000000
0.041683 0.000000
0.040882 0.000000
0.040080 0.000000
0.039279 0.000000
0.038477 0.000000
0.037675 0.000000
0.036874 0.000000
0.036072 0.000000
0.035271 0.000000
0.034469 0.000000
0.033667 0.000000
0.032866 0.000000
0.032064 0.000000
0.031263 0.000000
0.030461 0.000000
0.029659 0.000000
0.028858 0.000000
0.028056 0.000000
0.027255 0.000000
0.026453 0.000000
0.025651 0.000000
0.024850 0.000000
0.024048 0.000000
0.023246 0.000000
0.022445 0.000000
0.021643 0.000000
0.020842 0.000000
0.020040 0.000000
0.019238 0.000000
0.018437 0.000000
0.017635 0.000000
0.016834 -0.000000
0.016032 0.000000
0.015230 0.000000
0.014429 0.000000
0.013627 0.000000
0.012826 -0.000000
0.012024 0.000000
0.011222 0.000000
0.010421 0.000000
0.009619 0.000000
0.008818 0.000000
0.008016 0.000000
0.007214 0.000000
0.006413 0.000000
0.005611 0.000000
0.004810 0.000000
0.004008 0.000000
0.003206 -0.000000
0.002405 0.000000
0.001603 0.000000
0.000802 0.000000
0.000000 0.000000
