0.400000 0.767635
0.399198 0.767200
0.398397 0.766764
0.397595 0.766325
0.396794 0.765885
0.395992 0.765443
0.395190 0.764999
0.394389 0.764554
0.393587 0.764106
0.392786 0.763657
0.391984 0.763206
0.391182 0.762752
0.390381 0.762298
0.389579 0.761841
0.388778 0.761382
0.387976 0.760921
0.387174 0.760459
0.386373 0.759994
0.385571 0.759528
0.384770 0.759060
0.383968 0.758589
0.383166 0.758117
0.382365 0.757643
0.381563 0.757166
0.380762 0.756688
0.379960 0.756208
0.379158 0.755726
0.378357 0.755241
0.377555 0.754755
0.376754 0.754266
0.375952 0.753776
0.375150 0.753283
0.374349 0.752788
0.373547 0.752291
0.372745 0.751792
0.371944 0.751291
0.371142 0.750788
0.370341 0.750282
0.369539 0.749775
0.368737 0.749265
0.367936 0.748753
0.367134 0.748239
0.366333 0.747722
0.365531 0.747204
0.364729 0.746683
0.363928 0.746159
0.363126 0.745634
0.362325 0.745106
0.361523 0.744576
0.360721 0.744043
0.359920 0.743509
0.359118 0.742971
0.358317 0.742432
0.357515 0.741890
0.356713 0.741346
0.355912 0.740799
0.355110 0.740250
0.354309 0.739698
0.353507 0.739144
0.352705 0.738588
0.351904 0.738029
0.351102 0.737467
0.350301 0.736903
0.349499 0.736337
0.348697 0.735768
0.347896 0.735196
0.347094 0.734622
0.346293 0.734045
0.345491 0.733465
0.344689 0.732883
0.343888 0.732298
0.343086 0.731711
0.342285 0.731121
0.341483 0.730528
0.340681 0.729933
0.339880 0.729334
0.339078 0.728733
0.338277 0.728129
0.337475 0.727523
0.336673 0.726914
0.335872 0.726301
0.335070 0.725686
0.334269 0.725068
0.333467 0.724448
0.332665 0.723824
0.331864 0.723197
0.331062 0.722568
0.330261 0.721935
0.329459 0.721300
0.328657 0.720661
0.327856 0.720020
0.327054 0.719375
0.326253 0.718727
0.325451 0.718077
0.324649 0.717423
0.323848 0.716766
0.323046 0.716106
0.322244 0.715442
0.321443 0.714776
0.320641 0.714106
0.319840 0.713433
0.319038 0.712757
0.318236 0.712078
0.317435 0.711395
0.316633 0.710709
0.315832 0.710020
0.315030 0.709327
0.314228 0.708631
0.313427 0.707931
0.312625 0.707228
0.311824 0.706521
0.311022 0.705811
0.310220 0.705098
0.309419 0.704381
0.308617 0.703660
0.307816 0.702936
0.307014 0.702208
0.306212 0.701476
0.305411 0.700741
0.304609 0.700002
0.303808 0.699260
0.303006 0.698513
0.302204 0.697763
0.301403 0.697009
0.300601 0.696251
0.299800 0.695489
0.298998 0.694724
0.298196 0.693954
0.297395 0.693181
0.296593 0.692403
0.295792 0.691622
0.294990 0.690836
0.294188 0.690047
0.293387 0.689253
0.292585 0.688455
0.291784 0.687653
0.290982 0.686847
0.290180 0.686036
0.289379 0.685221
0.288577 0.684402
0.287776 0.683579
0.286974 0.682751
0.286172 0.681919
0.285371 0.681082
0.284569 0.680241
0.283768 0.679395
0.282966 0.678545
0.282164 0.677690
0.281363 0.676831
0.280561 0.675967
0.279760 0.675098
0.278958 0.674224
0.278156 0.673346
0.277355 0.672463
0.276553 0.671575
0.275752 0.670682
0.274950 0.669784
0.274148 0.668882
0.273347 0.667974
0.272545 0.667061
0.271743 0.666143
0.270942 0.665220
0.270140 0.664292
0.269339 0.663358
0.268537 0.662420
0.267735 0.661476
0.266934 0.660526
0.266132 0.659571
0.265331 0.658611
0.264529 0.657645
0.263727 0.656674
0.262926 0.655697
0.262124 0.654715
0.261323 0.653726
0.260521 0.652732
0.259719 0.651733
0.258918 0.650727
0.258116 0.649716
0.257315 0.648698
0.256513 0.647675
0.255711 0.646645
0.254910 0.645610
0.254108 0.644568
0.253307 0.643520
0.252505 0.642466
0.251703 0.641405
0.250902 0.640338
0.250100 0.639265
0.249299 0.638185
0.248497 0.637098
0.247695 0.636005
0.246894 0.634905
0.246092 0.633799
0.245291 0.632685
0.244489 0.631565
0.243687 0.630438
0.242886 0.629304
0.242084 0.628163
0.241283 0.627014
0.240481 0.625859
0.239679 0.624696
0.238878 0.623526
0.238076 0.622348
0.237275 0.621163
0.236473 0.619971
0.235671 0.618770
0.234870 0.617562
0.234068 0.616347
0.233267 0.615123
0.232465 0.613892
0.231663 0.612652
0.230862 0.611405
0.230060 0.610149
0.229259 0.608885
0.228457 0.607611
0.227655 0.606330
0.226854 0.605040
0.226052 0.603743
0.225251 0.602436
0.224449 0.601121
0.223647 0.599796
0.222846 0.598463
0.222044 0.597121
0.221242 0.595770
0.220441 0.594409
0.219639 0.593039
0.218838 0.591660
0.218036 0.590271
0.217234 0.588872
0.216433 0.587464
0.215631 0.586046
0.214830 0.584618
0.214028 0.583180
0.213226 0.581732
0.212425 0.580273
0.211623 0.578804
0.210822 0.577325
0.210020 0.575835
0.209218 0.574335
0.208417 0.572823
0.207615 0.571301
0.206814 0.569767
0.206012 0.568222
0.205210 0.566666
0.204409 0.565099
0.203607 0.563520
0.202806 0.561929
0.202004 0.560326
0.201202 0.558712
0.200401 0.557085
0.199599 0.555446
0.198798 0.553795
0.197996 0.552131
0.197194 0.550454
0.196393 0.548764
0.195591 0.547062
0.194790 0.545346
0.193988 0.543617
0.193186 0.541875
0.192385 0.540118
0.191583 0.538348
0.190782 0.536565
0.189980 0.534767
0.189178 0.532954
0.188377 0.531127
0.187575 0.529283
0.186774 0.527427
0.185972 0.525555
0.185170 0.523669
0.184369 0.521767
0.183567 0.519849
0.182766 0.517915
0.181964 0.515966
0.181162 0.514000
0.180361 0.512018
0.179559 0.510019
0.178758 0.508004
0.177956 0.505971
0.177154 0.503921
0.176353 0.501854
0.175551 0.499769
0.174749 0.497666
0.173948 0.495544
0.173146 0.493404
0.172345 0.491246
0.171543 0.489069
0.170741 0.486872
0.169940 0.484656
0.169138 0.482420
0.168337 0.480164
0.167535 0.477888
0.166733 0.475591
0.165932 0.473270
0.165130 0.470931
0.164329 0.468571
0.163527 0.466189
0.162725 0.463784
0.161924 0.461358
0.161122 0.458909
0.160321 0.456436
0.159519 0.453941
0.158717 0.451421
0.157916 0.448878
0.157114 0.446310
0.156313 0.443717
0.155511 0.441100
0.154709 0.438456
0.153908 0.435787
0.153106 0.433092
0.152305 0.430370
0.151503 0.427617
0.150701 0.424840
0.149900 0.422035
0.149098 0.419202
0.148297 0.416339
0.147495 0.413448
0.146693 0.410527
0.145892 0.407576
0.145090 0.404594
0.144289 0.401581
0.143487 0.398536
0.142685 0.395459
0.141884 0.392349
0.141082 0.389202
0.140281 0.386025
0.139479 0.382813
0.138677 0.379567
0.137876 0.376285
0.137074 0.372967
0.136273 0.369612
0.135471 0.366220
0.134669 0.362790
0.133868 0.359321
0.133066 0.355809
0.132265 0.352260
0.131463 0.348671
0.130661 0.345040
0.129860 0.341367
0.129058 0.337652
0.128257 0.333892
0.127455 0.330088
0.126653 0.326234
0.125852 0.322338
0.125050 0.318395
0.124248 0.314405
0.123447 0.310365
0.122645 0.306276
0.121844 0.302131
0.121042 0.297940
0.120240 0.293695
0.119439 0.289398
0.118637 0.285045
0.117836 0.280632
0.117034 0.276166
0.116232 0.271643
0.115431 0.267061
0.114629 0.262413
0.113828 0.257708
0.113026 0.252941
0.112224 0.248110
0.111423 0.243207
0.110621 0.238243
0.109820 0.233212
0.109018 0.228105
0.108216 0.222932
0.107415 0.217681
0.106613 0.212362
0.105812 0.206967
0.105010 0.201488
0.104208 0.195936
0.103407 0.190297
0.102605 0.184576
0.101804 0.178776
0.101002 0.172883
0.100200 0.166903
0.099399 0.160837
0.098597 0.154673
0.097796 0.148415
0.096994 0.142059
0.096192 0.135605
0.095391 0.129050
0.094589 0.122384
0.093788 0.115619
0.092986 0.108739
0.092184 0.101748
0.091383 0.094644
0.090581 0.087418
0.089780 0.080074
0.088978 0.072611
0.088176 0.065020
0.087375 0.057294
0.086573 0.049446
0.085772 0.041460
0.084970 0.033346
0.084168 0.025107
0.083367 0.016769
0.082565 0.008500
0.081764 0.001959
0.080962 0.000541
0.080160 0.000286
0.079359 0.000152
0.078557 0.000063
0.077756 0.000019
0.076954 0.000004
0.076152 0.000001
0.075351 0.000000
0.074549 0.000000
0.073747 0.000000
0.072946 0.000000
0.072144 0.000000
0.071343 0.000000
0.070541 0.000000
0.069739 0.000000
0.068938 0.000000
0.068136 0.000000
0.067335 0.000000
0.066533 0.000000
0.065731 0.000000
0.064930 0.000000
0.064128 0.000000
0.063327 0.000000
0.062525 0.000000
0.061723 0.000000
0.060922 0.000000
0.060120 0.000000
0.059319 0.000000
0.058517 0.000000
0.057715 0.000000
0.056914 0.000000
0.056112 0.000000
0.055311 0.000000
0.054509 -0.000000
0.053707 0.000000
0.052906 0.000000
0.052104 0.000000
0.051303 0.000000
0.050501 -0.000000
0.049699 0.000000
0.048898 0.000000
0.048096 0.000000
0.047295 0.000000
0.046493 0.000000
0.045691 0.000000
0.044890 0.000000
0.044088 0.000000
0.043287 0.000000
0.042485 0.000000
0.041683 0.000000
0.040882 0.000000
0.040080 0.000000
0.039279 0.000000
0.038477 0.000000
0.037675 0.000000
0.036874 0.000000
0.036072 0.000000
0.035271 0.000000
0.034469 0.000000
0.033667 0.000000
0.032866 0.000000
0.032064 0.000000
0.031263 0.000000
0.030461 0.000000
0.029659 0.000000
0.028858 0.000000
0.028056 0.000000
0.027255 0.000000
0.026453 0.000000
0.025651 0.000000
0.024850 0.000000
0.024048 0.000000
0.023246 0.000000
0.022445 0.000000
0.021643 0.000000
0.020842 0.000000
0.020040 0.000000
0.019238 0.000000
0.018437 0.000000
0.017635 0.000000
0.016834 -0.000000
0.016032 0.000000
0.015230 0.000000
0.014429 0.000000
0.013627 0.000000
0.012826 -0.000000
0.012024 0.000000
0.011222 0.000000
0.010421 0.000000
0.009619 0.000000
0.008818 0.000000
0.008016 0.000000
0.007214 0.000000
0.006413 0.000000
0.005611 0.000000
0.004810 0.000000
0.004008 0.000000
0.003206 -0.000000
0.002405 0.000000
0.001603 0.000000
0.000802 0.000000
0.000000 0.000000
