0.400000 0.749162
0.399198 0.748617
0.398397 0.748069
0.397595 0.747519
0.396794 0.746966
0.395992 0.746411
0.395190 0.745853
0.394389 0.745293
0.393587 0.744730
0.392786 0.744164
0.391984 0.743596
0.391182 0.743025
0.390381 0.742451
0.389579 0.741875
0.388778 0.741296
0.387976 0.740714
0.387174 0.740130
0.386373 0.739542
0.385571 0.738953
0.384770 0.738360
0.383968 0.737764
0.383166 0.737166
0.382365 0.736565
0.381563 0.735961
0.380762 0.735354
0.379960 0.734744
0.379158 0.734131
0.378357 0.733515
0.377555 0.732897
0.376754 0.732275
0.375952 0.731651
0.375150 0.731023
0.374349 0.730392
0.373547 0.729759
0.372745 0.729122
0.371944 0.728482
0.371142 0.727839
0.370341 0.727193
0.369539 0.726544
0.368737 0.725892
0.367936 0.725236
0.367134 0.724578
0.366333 0.723916
0.365531 0.723251
0.364729 0.722582
0.363928 0.721910
0.363126 0.721235
0.362325 0.720557
0.361523 0.719875
0.360721 0.719190
0.359920 0.718501
0.359118 0.717809
0.358317 0.717114
0.357515 0.716415
0.356713 0.715713
0.355912 0.715007
0.355110 0.714297
0.354309 0.713584
0.353507 0.712868
0.352705 0.712147
0.351904 0.711423
0.351102 0.710696
0.350301 0.709965
0.349499 0.709230
0.348697 0.708491
0.347896 0.707748
0.347094 0.707002
0.346293 0.706252
0.345491 0.705498
0.344689 0.704740
0.343888 0.703979
0.343086 0.703213
0.342285 0.702443
0.341483 0.701668
0.340681 0.700891
0.339880 0.700109
0.339078 0.699323
0.338277 0.698533
0.337475 0.697739
0.336673 0.696941
0.335872 0.696139
0.335070 0.695332
0.334269 0.694522
0.333467 0.693706
0.332665 0.692887
0.331864 0.692063
0.331062 0.691235
0.330261 0.690403
0.329459 0.689566
0.328657 0.688724
0.327856 0.687878
0.327054 0.687028
0.326253 0.686173
0.325451 0.685313
0.324649 0.684449
0.323848 0.683580
0.323046 0.682706
0.322244 0.681828
0.321443 0.680944
0.320641 0.680056
0.319840 0.679163
0.319038 0.678266
0.318236 0.677363
0.317435 0.676455
0.316633 0.675543
0.315832 0.674625
0.315030 0.673702
0.314228 0.672774
0.313427 0.671841
0.312625 0.670903
0.311824 0.669960
0.311022 0.669011
0.310220 0.668057
0.309419 0.667097
0.308617 0.666132
0.307816 0.665162
0.307014 0.664186
0.306212 0.663205
0.305411 0.662218
0.304609 0.661226
0.303808 0.660228
0.303006 0.659224
0.302204 0.658214
0.301403 0.657199
0.300601 0.656178
0.299800 0.655151
0.298998 0.654118
0.298196 0.653079
0.297395 0.652034
0.296593 0.650983
0.295792 0.649925
0.294990 0.648862
0.294188 0.647792
0.293387 0.646717
0.292585 0.645634
0.291784 0.644546
0.290982 0.643451
0.290180 0.642349
0.289379 0.641241
0.288577 0.640126
0.287776 0.639005
0.286974 0.637877
0.286172 0.636742
0.285371 0.635600
0.284569 0.634452
0.283768 0.633297
0.282966 0.632134
0.282164 0.630965
0.281363 0.629788
0.280561 0.628604
0.279760 0.627413
0.278958 0.626215
0.278156 0.625009
0.277355 0.623796
0.276553 0.622576
0.275752 0.621348
0.274950 0.620112
0.274148 0.618869
0.273347 0.617615
0.272545 0.616356
0.271743 0.615089
0.270942 0.613814
0.270140 0.612531
0.269339 0.611240
0.268537 0.609941
0.267735 0.608633
0.266934 0.607318
0.266132 0.605994
0.265331 0.604661
0.264529 0.603320
0.263727 0.601970
0.262926 0.600612
0.262124 0.599244
0.261323 0.597868
0.260521 0.596483
0.259719 0.595089
0.258918 0.593686
0.258116 0.592274
0.257315 0.590852
0.256513 0.589421
0.255711 0.587981
0.254910 0.586531
0.254108 0.585071
0.253307 0.583602
0.252505 0.582123
0.251703 0.580634
0.250902 0.579135
0.250100 0.577625
0.249299 0.576106
0.248497 0.574577
0.247695 0.573037
0.246894 0.571486
0.246092 0.569925
0.245291 0.568354
0.244489 0.566771
0.243687 0.565178
0.242886 0.563573
0.242084 0.561958
0.241283 0.560331
0.240481 0.558693
0.239679 0.557044
0.238878 0.555383
0.238076 0.553710
0.237275 0.552026
0.236473 0.550329
0.235671 0.548617
0.234870 0.546896
0.234068 0.545164
0.233267 0.543418
0.232465 0.541660
0.231663 0.539890
0.230862 0.538107
0.230060 0.536310
0.229259 0.534501
0.228457 0.532679
0.227655 0.530843
0.226854 0.528994
0.226052 0.527131
0.225251 0.525255
0.224449 0.523364
0.223647 0.521460
0.222846 0.519541
0.222044 0.517609
0.221242 0.515661
0.220441 0.513699
0.219639 0.511722
0.218838 0.509731
0.218036 0.507724
0.217234 0.505701
0.216433 0.503664
0.215631 0.501611
0.214830 0.499537
0.214028 0.497452
0.213226 0.495351
0.212425 0.493233
0.211623 0.491099
0.210822 0.488948
0.210020 0.486780
0.209218 0.484596
0.208417 0.482394
0.207615 0.480174
0.206814 0.477937
0.206012 0.475682
0.205210 0.473409
0.204409 0.471118
0.203607 0.468808
0.202806 0.466479
0.202004 0.464132
0.201202 0.461765
0.200401 0.459375
0.199599 0.456969
0.198798 0.454543
0.197996 0.452098
0.197194 0.449632
0.196393 0.447146
0.195591 0.444638
0.194790 0.442110
0.193988 0.439560
0.193186 0.436989
0.192385 0.434396
0.191583 0.431781
0.190782 0.429144
0.189980 0.426484
0.189178 0.423801
0.188377 0.421090
0.187575 0.418360
0.186774 0.415606
0.185972 0.412829
0.185170 0.410027
0.184369 0.407200
0.183567 0.404348
0.182766 0.401471
0.181964 0.398568
0.181162 0.395639
0.180361 0.392684
0.179559 0.389697
0.178758 0.386688
0.177956 0.383651
0.177154 0.380587
0.176353 0.377495
0.175551 0.374374
0.174749 0.371224
0.173948 0.368045
0.173146 0.364836
0.172345 0.361592
0.171543 0.358323
0.170741 0.355022
0.169940 0.351691
0.169138 0.348327
0.168337 0.344932
0.167535 0.341504
0.166733 0.338037
0.165932 0.334542
0.165130 0.331013
0.164329 0.327449
0.163527 0.323850
0.162725 0.320216
0.161924 0.316540
0.161122 0.312833
0.160321 0.309089
0.159519 0.305308
0.158717 0.301488
0.157916 0.297623
0.157114 0.293725
0.156313 0.289787
0.155511 0.285809
0.154709 0.281789
0.153908 0.277722
0.153106 0.273618
0.152305 0.269471
0.151503 0.265281
0.150701 0.261040
0.149900 0.256760
0.149098 0.252434
0.148297 0.248056
0.147495 0.243636
0.146693 0.239169
0.145892 0.234646
0.145090 0.230081
0.144289 0.225465
0.143487 0.220791
0.142685 0.216072
0.141884 0.211294
0.141082 0.206469
0.140281 0.201583
0.139479 0.196648
0.138677 0.191650
0.137876 0.186601
0.137074 0.181487
0.136273 0.176315
0.135471 0.171082
0.134669 0.165795
0.133868 0.160439
0.133066 0.155019
0.132265 0.149536
0.131463 0.143987
0.130661 0.138371
0.129860 0.132688
0.129058 0.126930
0.128257 0.121109
0.127455 0.115217
0.126653 0.109245
0.125852 0.103201
0.125050 0.097083
0.124248 0.090883
0.123447 0.084613
0.122645 0.078253
0.121844 0.071823
0.121042 0.065308
0.120240 0.058709
0.119439 0.052020
0.118637 0.045257
0.117836 0.038406
0.117034 0.031478
0.116232 0.024480
0.115431 0.017440
0.114629 0.010463
0.113828 0.004163
0.113026 0.001169
0.112224 0.000551
0.111423 0.000354
0.110621 0.000251
0.109820 0.000168
0.109018 0.000103
0.108216 0.000055
0.107415 0.000027
0.106613 0.000012
0.105812 0.000005
0.105010 0.000002
0.104208 0.000000
0.103407 0.000000
0.102605 0.000000
0.101804 0.000000
0.101002 0.000000
0.100200 0.000000
0.099399 0.000000
0.098597 0.000000
0.097796 0.000000
0.096994 0.000000
0.096192 0.000000
0.095391 0.000000
0.094589 0.000000
0.093788 0.000000
0.092986 0.000000
0.092184 0.000000
0.091383 0.000000
0.090581 0.000000
0.089780 0.000000
0.088978 0.000000
0.088176 0.000000
0.087375 0.000000
0.086573 0.000000
0.085772 0.000000
0.084970 0.000000
0.084168 0.000000
0.083367 0.000000
0.082565 0.000000
0.081764 -0.000000
0.080962 0.000000
0.080160 0.000000
0.079359 0.000000
0.078557 0.000000
0.077756 -0.000000
0.076954 0.000000
0.076152 0.000000
0.075351 0.000000
0.074549 0.000000
0.073747 -0.000000
0.072946 0.000000
0.072144 -0.000000
0.071343 0.000000
0.070541 0.000000
0.069739 0.000000
0.068938 0.000000
0.068136 0.000000
0.067335 0.000000
0.066533 0.000000
0.065731 0.000000
0.064930 0.000000
0.064128 -0.000000
0.063327 -0.000000
0.062525 -0.000000
0.061723 0.000000
0.060922 0.000000
0.060120 0.000000
0.059319 0.000000
0.058517 0.000000
0.057715 0.000000
0.056914 0.000000
0.056112 0.000000
0.055311 0.000000
0.054509 -0.000000
0.053707 0.000000
0.052906 0.000000
0.052104 0.000000
0.051303 0.000000
0.050501 -0.000000
0.049699 0.000000
0.048898 0.000000
0.048096 0.000000
0.047295 0.000000
0.046493 0.000000
0.045691 0.000000
0.044890 0.000000
0.044088 0.000000
0.043287 0.000000
0.042485 0.000000
0.041683 0.000000
0.040882 0.000000
0.040080 0.000000
0.039279 0.000000
0.038477 0.000000
0.037675 0.000000
0.036874 0.000000
0.036072 0.000000
0.035271 0.000000
0.034469 0.000000
0.033667 0.000000
0.032866 0.000000
0.032064 0.000000
0.031263 0.000000
0.030461 0.000000
0.029659 0.000000
0.028858 0.000000
0.028056 0.000000
0.027255 0.000000
0.026453 0.000000
0.025651 0.000000
0.024850 0.000000
0.024048 0.000000
0.023246 0.000000
0.022445 0.000000
0.021643 0.000000
0.020842 0.000000
0.020040 0.000000
0.019238 0.000000
0.018437 0.000000
0.017635 0.000000
0.016834 -0.000000
0.016032 0.000000
0.015230 0.000000
0.014429 0.000000
0.013627 0.000000
0.012826 -0.000000
0.012024 0.000000
0.011222 0.000000
0.010421 0.000000
0.009619 0.000000
0.008818 0.000000
0.008016 0.000000
0.007214 0.000000
0.006413 0.000000
0.005611 0.000000
0.004810 0.000000
0.004008 0.000000
0.003206 -0.000000
0.002405 0.000000
0.001603 0.000000
0.000802 0.000000
0.000000 0.000000
