0.400000 0.821042
0.399198 0.820444
0.398397 0.819842
0.397595 0.819238
0.396794 0.818631
0.395992 0.818020
0.395190 0.817407
0.394389 0.816791
0.393587 0.816172
0.392786 0.815550
0.391984 0.814925
0.391182 0.814297
0.390381 0.813666
0.389579 0.813032
0.388778 0.812394
0.387976 0.811754
0.387174 0.811111
0.386373 0.810464
0.385571 0.809814
0.384770 0.809161
0.383968 0.808505
0.383166 0.807846
0.382365 0.807183
0.381563 0.806517
0.380762 0.805848
0.379960 0.805176
0.379158 0.804500
0.378357 0.803820
0.377555 0.803137
0.376754 0.802451
0.375952 0.801762
0.375150 0.801069
0.374349 0.800373
0.373547 0.799673
0.372745 0.798970
0.371944 0.798263
0.371142 0.797553
0.370341 0.796839
0.369539 0.796122
0.368737 0.795401
0.367936 0.794676
0.367134 0.793947
0.366333 0.793215
0.365531 0.792479
0.364729 0.791740
0.363928 0.790997
0.363126 0.790249
0.362325 0.789498
0.361523 0.788744
0.360721 0.787985
0.359920 0.787222
0.359118 0.786456
0.358317 0.785685
0.357515 0.784911
0.356713 0.784132
0.355912 0.783350
0.355110 0.782563
0.354309 0.781772
0.353507 0.780978
0.352705 0.780179
0.351904 0.779375
0.351102 0.778568
0.350301 0.777756
0.349499 0.776940
0.348697 0.776120
0.347896 0.775296
0.347094 0.774467
0.346293 0.773634
0.345491 0.772796
0.344689 0.771954
0.343888 0.771107
0.343086 0.770256
0.342285 0.769400
0.341483 0.768540
0.340681 0.767675
0.339880 0.766805
0.339078 0.765931
0.338277 0.765052
0.337475 0.764168
0.336673 0.763280
0.335872 0.762386
0.335070 0.761488
0.334269 0.760585
0.333467 0.759677
0.332665 0.758764
0.331864 0.757846
0.331062 0.756923
0.330261 0.755995
0.329459 0.755061
0.328657 0.754123
0.327856 0.753179
0.327054 0.752231
0.326253 0.751277
0.325451 0.750317
0.324649 0.749352
0.323848 0.748382
0.323046 0.747407
0.322244 0.746426
0.321443 0.745439
0.320641 0.744447
0.319840 0.743449
0.319038 0.742446
0.318236 0.741437
0.317435 0.740422
0.316633 0.739401
0.315832 0.738375
0.315030 0.737343
0.314228 0.736305
0.313427 0.735261
0.312625 0.734211
0.311824 0.733154
0.311022 0.732092
0.310220 0.731024
0.309419 0.729949
0.308617 0.728868
0.307816 0.727781
0.307014 0.726688
0.306212 0.725588
0.305411 0.724482
0.304609 0.723369
0.303808 0.722250
0.303006 0.721124
0.302204 0.719989
0.301403 0.718850
0.300601 0.717704
0.299800 0.716551
0.298998 0.715391
0.298196 0.714225
0.297395 0.713051
0.296593 0.711870
0.295792 0.710682
0.294990 0.709487
0.294188 0.708285
0.293387 0.707076
0.292585 0.705859
0.291784 0.704635
0.290982 0.703403
0.290180 0.702164
0.289379 0.700917
0.288577 0.699663
0.287776 0.698401
0.286974 0.697131
0.286172 0.695853
0.285371 0.694567
0.284569 0.693274
0.283768 0.691972
0.282966 0.690662
0.282164 0.689344
0.281363 0.688018
0.280561 0.686684
0.279760 0.685341
0.278958 0.683989
0.278156 0.682629
0.277355 0.681261
0.276553 0.679883
0.275752 0.678497
0.274950 0.677102
0.274148 0.675698
0.273347 0.674285
0.272545 0.672863
0.271743 0.671432
0.270942 0.669992
0.270140 0.668542
0.269339 0.667083
0.268537 0.665614
0.267735 0.664136
0.266934 0.662648
0.266132 0.661150
0.265331 0.659643
0.264529 0.658125
0.263727 0.656598
0.262926 0.655060
0.262124 0.653512
0.261323 0.651954
0.260521 0.650385
0.259719 0.648806
0.258918 0.647216
0.258116 0.645615
0.257315 0.644001
0.256513 0.642379
0.255711 0.640745
0.254910 0.639101
0.254108 0.637445
0.253307 0.635778
0.252505 0.634099
0.251703 0.632409
0.250902 0.630708
0.250100 0.628994
0.249299 0.627269
0.248497 0.625531
0.247695 0.623782
0.246894 0.622020
0.246092 0.620246
0.245291 0.618459
0.244489 0.616660
0.243687 0.614847
0.242886 0.613023
0.242084 0.611185
0.241283 0.609334
0.240481 0.607469
0.239679 0.605592
0.238878 0.603700
0.238076 0.601795
0.237275 0.599877
0.236473 0.597944
0.235671 0.595997
0.234870 0.594036
0.234068 0.592061
0.233267 0.590071
0.232465 0.588066
0.231663 0.586047
0.230862 0.584012
0.230060 0.581963
0.229259 0.579898
0.228457 0.577813
0.227655 0.575717
0.226854 0.573605
0.226052 0.571477
0.225251 0.569333
0.224449 0.567173
0.223647 0.564996
0.222846 0.562802
0.222044 0.560592
0.221242 0.558364
0.220441 0.556119
0.219639 0.553857
0.218838 0.551577
0.218036 0.549280
0.217234 0.546964
0.216433 0.544630
0.215631 0.542278
0.214830 0.539907
0.214028 0.537518
0.213226 0.535109
0.212425 0.532681
0.211623 0.530234
0.210822 0.527767
0.210020 0.525275
0.209218 0.522767
0.208417 0.520239
0.207615 0.517691
0.206814 0.515122
0.206012 0.512531
0.205210 0.509920
0.204409 0.507286
0.203607 0.504631
0.202806 0.501954
0.202004 0.499254
0.201202 0.496531
0.200401 0.493786
0.199599 0.491018
0.198798 0.488225
0.197996 0.485410
0.197194 0.482564
0.196393 0.479700
0.195591 0.476810
0.194790 0.473896
0.193988 0.470957
0.193186 0.467992
0.192385 0.465001
0.191583 0.461983
0.190782 0.458940
0.189980 0.455869
0.189178 0.452771
0.188377 0.449646
0.187575 0.446486
0.186774 0.443304
0.185972 0.440093
0.185170 0.436853
0.184369 0.433584
0.183567 0.430285
0.182766 0.426955
0.181964 0.423595
0.181162 0.420204
0.180361 0.416776
0.179559 0.413321
0.178758 0.409834
0.177956 0.406315
0.177154 0.402762
0.176353 0.399176
0.175551 0.395555
0.174749 0.391900
0.173948 0.388204
0.173146 0.384478
0.172345 0.380716
0.171543 0.376918
0.170741 0.373082
0.169940 0.369209
0.169138 0.365298
0.168337 0.361342
0.167535 0.357353
0.166733 0.353324
0.165932 0.349255
0.165130 0.345144
0.164329 0.340986
0.163527 0.336792
0.162725 0.332555
0.161924 0.328275
0.161122 0.323951
0.160321 0.319576
0.159519 0.315161
0.158717 0.310701
0.157916 0.306194
0.157114 0.301632
0.156313 0.297029
0.155511 0.292377
0.154709 0.287676
0.153908 0.282917
0.153106 0.278113
0.152305 0.273258
0.151503 0.268343
0.150701 0.263381
0.149900 0.258357
0.149098 0.253285
0.148297 0.248157
0.147495 0.242964
0.146693 0.237720
0.145892 0.232410
0.145090 0.227047
0.144289 0.221616
0.143487 0.216129
0.142685 0.210573
0.141884 0.204952
0.141082 0.199274
0.140281 0.193522
0.139479 0.187702
0.138677 0.181822
0.137876 0.175864
0.137074 0.169835
0.136273 0.163735
0.135471 0.157561
0.134669 0.151313
0.133868 0.144982
0.133066 0.138581
0.132265 0.132095
0.131463 0.125537
0.130661 0.118891
0.129860 0.112164
0.129058 0.105353
0.128257 0.098451
0.127455 0.091464
0.126653 0.084376
0.125852 0.077203
0.125050 0.069943
0.124248 0.062578
0.123447 0.055121
0.122645 0.047565
0.121844 0.039912
0.121042 0.032158
0.120240 0.024305
0.119439 0.016368
0.118637 0.008403
0.117836 0.001469
0.117034 0.000263
0.116232 0.000135
0.115431 0.000088
0.114629 0.000066
0.113828 0.000053
0.113026 0.000044
0.112224 0.000036
0.111423 0.000032
0.110621 0.000028
0.109820 0.000026
0.109018 0.000022
0.108216 0.000020
0.107415 0.000018
0.106613 0.000016
0.105812 0.000014
0.105010 0.000013
0.104208 0.000011
0.103407 0.000010
0.102605 0.000008
0.101804 0.000007
0.101002 0.000006
0.100200 0.000005
0.099399 0.000004
0.098597 0.000003
0.097796 0.000003
0.096994 0.000002
0.096192 0.000002
0.095391 0.000001
0.094589 0.000001
0.093788 0.000001
0.092986 0.000001
0.092184 0.000001
0.091383 0.000000
0.090581 0.000000
0.089780 0.000000
0.088978 0.000000
0.088176 0.000000
0.087375 0.000000
0.086573 0.000000
0.085772 0.000000
0.084970 0.000000
0.084168 0.000000
0.083367 0.000000
0.082565 0.000000
0.081764 0.000000
0.080962 0.000000
0.080160 0.000000
0.079359 0.000000
0.078557 0.000000
0.077756 0.000000
0.076954 0.000000
0.076152 0.000000
0.075351 0.000000
0.074549 0.000000
0.073747 0.000000
0.072946 0.000000
0.072144 0.000000
0.071343 0.000000
0.070541 0.000000
0.069739 0.000000
0.068938 0.000000
0.068136 0.000000
0.067335 0.000000
0.066533 0.000000
0.065731 0.000000
0.064930 0.000000
0.064128 0.000000
0.063327 0.000000
0.062525 0.000000
0.061723 0.000000
0.060922 0.000000
0.060120 0.000000
0.059319 0.000000
0.058517 0.000000
0.057715 0.000000
0.056914 0.000000
0.056112 0.000000
0.055311 0.000000
0.054509 0.000000
0.053707 0.000000
0.052906 0.000000
0.052104 0.000000
0.051303 0.000000
0.050501 0.000000
0.049699 0.000000
0.048898 0.000000
0.048096 0.000000
0.047295 0.000000
0.046493 0.000000
0.045691 0.000000
0.044890 0.000000
0.044088 0.000000
0.043287 0.000000
0.042485 0.000000
0.041683 0.000000
0.040882 0.000000
0.040080 0.000000
0.039279 0.000000
0.038477 0.000000
0.037675 0.000000
0.036874 0.000000
0.036072 0.000000
0.035271 0.000000
0.034469 0.000000
0.033667 0.000000
0.032866 0.000000
0.032064 0.000000
0.031263 0.000000
0.030461 0.000000
0.029659 0.000000
0.028858 0.000000
0.028056 0.000000
0.027255 0.000000
0.026453 0.000000
0.025651 0.000000
0.024850 0.000000
0.024048 0.000000
0.023246 0.000000
0.022445 0.000000
0.021643 0.000000
0.020842 0.000000
0.020040 0.000000
0.019238 0.000000
0.018437 0.000000
0.017635 0.000000
0.016834 0.000000
0.016032 0.000000
0.015230 0.000000
0.014429 0.000000
0.013627 0.000000
0.012826 0.000000
0.012024 0.000000
0.011222 0.000000
0.010421 0.000000
0.009619 0.000000
0.008818 0.000000
0.008016 0.000000
0.007214 0.000000
0.006413 0.000000
0.005611 0.000000
0.004810 0.000000
0.004008 0.000000
0.003206 0.000000
0.002405 0.000000
0.001603 0.000000
0.000802 0.000000
0.000000 0.000000
