0.113036 nan
0.113611 nan
0.114186 nan
0.114761 nan
0.115336 nan
0.115911 nan
0.116486 nan
0.117061 nan
0.117637 nan
0.118212 nan
0.118787 nan
0.119362 nan
0.119937 nan
0.120512 nan
0.121087 nan
0.121662 nan
0.122237 nan
0.122812 nan
0.123387 nan
0.123962 nan
0.124537 nan
0.125112 nan
0.125687 nan
0.126262 nan
0.126837 nan
0.127413 nan
0.127988 nan
0.128563 nan
0.129138 nan
0.129713 nan
0.130288 nan
0.130863 nan
0.131438 nan
0.132013 nan
0.132588 nan
0.133163 nan
0.133738 nan
0.134313 nan
0.134888 nan
0.135463 nan
0.136038 nan
0.136613 nan
0.137188 nan
0.137764 nan
0.138339 nan
0.138914 nan
0.139489 nan
0.140064 nan
0.140639 nan
0.141214 nan
0.141789 nan
0.142364 nan
0.142939 nan
0.143514 nan
0.144089 nan
0.144664 nan
0.145239 nan
0.145814 nan
0.146389 nan
0.146964 nan
0.147540 nan
0.148115 nan
0.148690 nan
0.149265 nan
0.149840 nan
0.150415 nan
0.150990 nan
0.151565 nan
0.152140 nan
0.152715 nan
0.153290 nan
0.153865 nan
0.154440 nan
0.155015 nan
0.155590 nan
0.156165 nan
0.156740 nan
0.157316 nan
0.157891 nan
0.158466 nan
0.159041 nan
0.159616 nan
0.160191 nan
0.160766 nan
0.161341 nan
0.161916 nan
0.162491 nan
0.163066 nan
0.163641 nan
0.164216 nan
0.164791 nan
0.165366 nan
0.165941 nan
0.166516 nan
0.167092 nan
0.167667 nan
0.168242 nan
0.168817 nan
0.169392 nan
0.169967 nan
0.170542 nan
0.171117 nan
0.171692 nan
0.172267 nan
0.172842 nan
0.173417 nan
0.173992 nan
0.174567 nan
0.175142 nan
0.175717 nan
0.176292 nan
0.176867 nan
0.177443 nan
0.178018 nan
0.178593 nan
0.179168 nan
0.179743 nan
0.180318 nan
0.180893 nan
0.181468 nan
0.182043 nan
0.182618 nan
0.183193 nan
0.183768 nan
0.184343 nan
0.184918 nan
0.185493 nan
0.186068 nan
0.186643 nan
0.187219 nan
0.187794 nan
0.188369 nan
0.188944 nan
0.189519 nan
0.190094 nan
0.190669 nan
0.191244 nan
0.191819 nan
0.192394 nan
0.192969 nan
0.193544 nan
0.194119 nan
0.194694 nan
0.195269 nan
0.195844 nan
0.196419 nan
0.196995 nan
0.197570 nan
0.198145 nan
0.198720 nan
0.199295 nan
0.199870 nan
0.200445 nan
0.201020 nan
0.201595 nan
0.202170 nan
0.202745 nan
0.203320 nan
0.203895 nan
0.204470 nan
0.205045 nan
0.205620 nan
0.206195 nan
0.206771 nan
0.207346 nan
0.207921 nan
0.208496 nan
0.209071 nan
0.209646 nan
0.210221 nan
0.210796 nan
0.211371 nan
0.211946 nan
0.212521 nan
0.213096 nan
0.213671 nan
0.214246 nan
0.214821 nan
0.215396 nan
0.215971 nan
0.216546 nan
0.217122 nan
0.217697 nan
0.218272 nan
0.218847 nan
0.219422 nan
0.219997 nan
0.220572 nan
0.221147 nan
0.221722 nan
0.222297 nan
0.222872 nan
0.223447 nan
0.224022 nan
0.224597 nan
0.225172 nan
0.225747 nan
0.226322 nan
0.226898 nan
0.227473 nan
0.228048 nan
0.228623 nan
0.229198 nan
0.229773 nan
0.230348 nan
0.230923 nan
0.231498 nan
0.232073 nan
0.232648 nan
0.233223 nan
0.233798 nan
0.234373 nan
0.234948 nan
0.235523 nan
0.236098 nan
0.236674 nan
0.237249 nan
0.237824 nan
0.238399 nan
0.238974 nan
0.239549 nan
0.240124 nan
0.240699 nan
0.241274 nan
0.241849 nan
0.242424 nan
0.242999 nan
0.243574 nan
0.244149 nan
0.244724 nan
0.245299 nan
0.245874 nan
0.246450 nan
0.247025 nan
0.247600 nan
0.248175 nan
0.248750 nan
0.249325 nan
0.249900 nan
0.250475 nan
0.251050 nan
0.251625 nan
0.252200 nan
0.252775 nan
0.253350 nan
0.253925 nan
0.254500 nan
0.255075 nan
0.255650 nan
0.256225 nan
0.256801 nan
0.257376 nan
0.257951 nan
0.258526 nan
0.259101 nan
0.259676 nan
0.260251 nan
0.260826 nan
0.261401 nan
0.261976 nan
0.262551 nan
0.263126 nan
0.263701 nan
0.264276 nan
0.264851 nan
0.265426 nan
0.266001 nan
0.266577 nan
0.267152 nan
0.267727 nan
0.268302 nan
0.268877 nan
0.269452 nan
0.270027 nan
0.270602 nan
0.271177 nan
0.271752 nan
0.272327 nan
0.272902 nan
0.273477 nan
0.274052 nan
0.274627 nan
0.275202 nan
0.275777 nan
0.276353 nan
0.276928 nan
0.277503 nan
0.278078 nan
0.278653 nan
0.279228 nan
0.279803 nan
0.280378 nan
0.280953 nan
0.281528 nan
0.282103 nan
0.282678 nan
0.283253 nan
0.283828 nan
0.284403 nan
0.284978 nan
0.285553 nan
0.286129 nan
0.286704 nan
0.287279 nan
0.287854 nan
0.288429 nan
0.289004 nan
0.289579 nan
0.290154 nan
0.290729 nan
0.291304 nan
0.291879 nan
0.292454 nan
0.293029 nan
0.293604 nan
0.294179 nan
0.294754 nan
0.295329 nan
0.295904 nan
0.296480 nan
0.297055 nan
0.297630 nan
0.298205 nan
0.298780 nan
0.299355 nan
0.299930 nan
0.300505 nan
0.301080 nan
0.301655 nan
0.302230 nan
0.302805 nan
0.303380 nan
0.303955 nan
0.304530 nan
0.305105 nan
0.305680 nan
0.306256 nan
0.306831 nan
0.307406 nan
0.307981 nan
0.308556 nan
0.309131 nan
0.309706 nan
0.310281 nan
0.310856 nan
0.311431 nan
0.312006 nan
0.312581 nan
0.313156 nan
0.313731 nan
0.314306 nan
0.314881 nan
0.315456 nan
0.316032 nan
0.316607 nan
0.317182 nan
0.317757 nan
0.318332 nan
0.318907 nan
0.319482 nan
0.320057 nan
0.320632 nan
0.321207 nan
0.321782 nan
0.322357 nan
0.322932 nan
0.323507 nan
0.324082 nan
0.324657 nan
0.325232 nan
0.325808 nan
0.326383 nan
0.326958 nan
0.327533 nan
0.328108 nan
0.328683 nan
0.329258 nan
0.329833 nan
0.330408 nan
0.330983 nan
0.331558 nan
0.332133 nan
0.332708 nan
0.333283 nan
0.333858 nan
0.334433 nan
0.335008 nan
0.335584 nan
0.336159 nan
0.336734 nan
0.337309 nan
0.337884 nan
0.338459 nan
0.339034 nan
0.339609 nan
0.340184 nan
0.340759 nan
0.341334 nan
0.341909 nan
0.342484 nan
0.343059 nan
0.343634 nan
0.344209 nan
0.344784 nan
0.345359 nan
0.345935 nan
0.346510 nan
0.347085 nan
0.347660 nan
0.348235 nan
0.348810 nan
0.349385 nan
0.349960 nan
0.350535 nan
0.351110 nan
0.351685 nan
0.352260 nan
0.352835 nan
0.353410 nan
0.353985 nan
0.354560 nan
0.355135 nan
0.355711 nan
0.356286 nan
0.356861 nan
0.357436 nan
0.358011 nan
0.358586 nan
0.359161 nan
0.359736 nan
0.360311 nan
0.360886 nan
0.361461 nan
0.362036 nan
0.362611 nan
0.363186 nan
0.363761 nan
0.364336 nan
0.364911 nan
0.365487 nan
0.366062 nan
0.366637 nan
0.367212 nan
0.367787 nan
0.368362 nan
0.368937 nan
0.369512 nan
0.370087 nan
0.370662 nan
0.371237 nan
0.371812 nan
0.372387 nan
0.372962 nan
0.373537 nan
0.374112 nan
0.374687 nan
0.375263 nan
0.375838 nan
0.376413 nan
0.376988 nan
0.377563 nan
0.378138 nan
0.378713 nan
0.379288 nan
0.379863 nan
0.380438 nan
0.381013 nan
0.381588 nan
0.382163 nan
0.382738 nan
0.383313 nan
0.383888 nan
0.384463 nan
0.385038 nan
0.385614 nan
0.386189 nan
0.386764 nan
0.387339 nan
0.387914 nan
0.388489 nan
0.389064 nan
0.389639 nan
0.390214 nan
0.390789 nan
0.391364 nan
0.391939 nan
0.392514 nan
0.393089 nan
0.393664 nan
0.394239 nan
0.394814 nan
0.395390 nan
0.395965 nan
0.396540 nan
0.397115 nan
0.397690 nan
0.398265 nan
0.398840 nan
0.399415 nan
0.399990 nan
