0.129068 nan
0.129611 nan
0.130154 nan
0.130697 nan
0.131240 nan
0.131783 nan
0.132326 nan
0.132869 nan
0.133412 nan
0.133954 nan
0.134497 nan
0.135040 nan
0.135583 nan
0.136126 nan
0.136669 nan
0.137212 nan
0.137755 nan
0.138298 nan
0.138841 nan
0.139384 nan
0.139927 nan
0.140470 nan
0.141013 nan
0.141555 nan
0.142098 nan
0.142641 nan
0.143184 nan
0.143727 nan
0.144270 nan
0.144813 nan
0.145356 nan
0.145899 nan
0.146442 nan
0.146985 nan
0.147528 nan
0.148071 nan
0.148614 nan
0.149157 nan
0.149699 nan
0.150242 nan
0.150785 nan
0.151328 nan
0.151871 nan
0.152414 nan
0.152957 nan
0.153500 nan
0.154043 nan
0.154586 nan
0.155129 nan
0.155672 nan
0.156215 nan
0.156758 nan
0.157300 nan
0.157843 nan
0.158386 nan
0.158929 nan
0.159472 nan
0.160015 nan
0.160558 nan
0.161101 nan
0.161644 nan
0.162187 nan
0.162730 nan
0.163273 nan
0.163816 nan
0.164359 nan
0.164901 nan
0.165444 nan
0.165987 nan
0.166530 nan
0.167073 nan
0.167616 nan
0.168159 nan
0.168702 nan
0.169245 nan
0.169788 nan
0.170331 nan
0.170874 nan
0.171417 nan
0.171960 nan
0.172502 nan
0.173045 nan
0.173588 nan
0.174131 nan
0.174674 nan
0.175217 nan
0.175760 nan
0.176303 nan
0.176846 nan
0.177389 nan
0.177932 nan
0.178475 nan
0.179018 nan
0.179561 nan
0.180104 nan
0.180646 nan
0.181189 nan
0.181732 nan
0.182275 nan
0.182818 nan
0.183361 nan
0.183904 nan
0.184447 nan
0.184990 nan
0.185533 nan
0.186076 nan
0.186619 nan
0.187162 nan
0.187705 nan
0.188247 nan
0.188790 nan
0.189333 nan
0.189876 nan
0.190419 nan
0.190962 nan
0.191505 nan
0.192048 nan
0.192591 nan
0.193134 nan
0.193677 nan
0.194220 nan
0.194763 nan
0.195306 nan
0.195848 nan
0.196391 nan
0.196934 nan
0.197477 nan
0.198020 nan
0.198563 nan
0.199106 nan
0.199649 nan
0.200192 nan
0.200735 nan
0.201278 nan
0.201821 nan
0.202364 nan
0.202907 nan
0.203449 nan
0.203992 nan
0.204535 nan
0.205078 nan
0.205621 nan
0.206164 nan
0.206707 nan
0.207250 nan
0.207793 nan
0.208336 nan
0.208879 nan
0.209422 nan
0.209965 nan
0.210508 nan
0.211050 nan
0.211593 nan
0.212136 nan
0.212679 nan
0.213222 nan
0.213765 nan
0.214308 nan
0.214851 nan
0.215394 nan
0.215937 nan
0.216480 nan
0.217023 nan
0.217566 nan
0.218109 nan
0.218652 nan
0.219194 nan
0.219737 nan
0.220280 nan
0.220823 nan
0.221366 nan
0.221909 nan
0.222452 nan
0.222995 nan
0.223538 nan
0.224081 nan
0.224624 nan
0.225167 nan
0.225710 nan
0.226253 nan
0.226795 nan
0.227338 nan
0.227881 nan
0.228424 nan
0.228967 nan
0.229510 nan
0.230053 nan
0.230596 nan
0.231139 nan
0.231682 nan
0.232225 nan
0.232768 nan
0.233311 nan
0.233854 nan
0.234396 nan
0.234939 nan
0.235482 nan
0.236025 nan
0.236568 nan
0.237111 nan
0.237654 nan
0.238197 nan
0.238740 nan
0.239283 nan
0.239826 nan
0.240369 nan
0.240912 nan
0.241455 nan
0.241997 nan
0.242540 nan
0.243083 nan
0.243626 nan
0.244169 nan
0.244712 nan
0.245255 nan
0.245798 nan
0.246341 nan
0.246884 nan
0.247427 nan
0.247970 nan
0.248513 nan
0.249056 nan
0.249598 nan
0.250141 nan
0.250684 nan
0.251227 nan
0.251770 nan
0.252313 nan
0.252856 nan
0.253399 nan
0.253942 nan
0.254485 nan
0.255028 nan
0.255571 nan
0.256114 nan
0.256657 nan
0.257200 nan
0.257742 nan
0.258285 nan
0.258828 nan
0.259371 nan
0.259914 nan
0.260457 nan
0.261000 nan
0.261543 nan
0.262086 nan
0.262629 nan
0.263172 nan
0.263715 nan
0.264258 nan
0.264801 nan
0.265343 nan
0.265886 nan
0.266429 nan
0.266972 nan
0.267515 nan
0.268058 nan
0.268601 nan
0.269144 nan
0.269687 nan
0.270230 nan
0.270773 nan
0.271316 nan
0.271859 nan
0.272402 nan
0.272944 nan
0.273487 nan
0.274030 nan
0.274573 nan
0.275116 nan
0.275659 nan
0.276202 nan
0.276745 nan
0.277288 nan
0.277831 nan
0.278374 nan
0.278917 nan
0.279460 nan
0.280003 nan
0.280545 nan
0.281088 nan
0.281631 nan
0.282174 nan
0.282717 nan
0.283260 nan
0.283803 nan
0.284346 nan
0.284889 nan
0.285432 nan
0.285975 nan
0.286518 nan
0.287061 nan
0.287604 nan
0.288146 nan
0.288689 nan
0.289232 nan
0.289775 nan
0.290318 nan
0.290861 nan
0.291404 nan
0.291947 nan
0.292490 nan
0.293033 nan
0.293576 nan
0.294119 nan
0.294662 nan
0.295205 nan
0.295748 nan
0.296290 nan
0.296833 nan
0.297376 nan
0.297919 nan
0.298462 nan
0.299005 nan
0.299548 nan
0.300091 nan
0.300634 nan
0.301177 nan
0.301720 nan
0.302263 nan
0.302806 nan
0.303349 nan
0.303891 nan
0.304434 nan
0.304977 nan
0.305520 nan
0.306063 nan
0.306606 nan
0.307149 nan
0.307692 nan
0.308235 nan
0.308778 nan
0.309321 nan
0.309864 nan
0.310407 nan
0.310950 nan
0.311492 nan
0.312035 nan
0.312578 nan
0.313121 nan
0.313664 nan
0.314207 nan
0.314750 nan
0.315293 nan
0.315836 nan
0.316379 nan
0.316922 nan
0.317465 nan
0.318008 nan
0.318551 nan
0.319093 nan
0.319636 nan
0.320179 nan
0.320722 nan
0.321265 nan
0.321808 nan
0.322351 nan
0.322894 nan
0.323437 nan
0.323980 nan
0.324523 nan
0.325066 nan
0.325609 nan
0.326152 nan
0.326695 nan
0.327237 nan
0.327780 nan
0.328323 nan
0.328866 nan
0.329409 nan
0.329952 nan
0.330495 nan
0.331038 nan
0.331581 nan
0.332124 nan
0.332667 nan
0.333210 nan
0.333753 nan
0.334296 nan
0.334838 nan
0.335381 nan
0.335924 nan
0.336467 nan
0.337010 nan
0.337553 nan
0.338096 nan
0.338639 nan
0.339182 nan
0.339725 nan
0.340268 nan
0.340811 nan
0.341354 nan
0.341897 nan
0.342439 nan
0.342982 nan
0.343525 nan
0.344068 nan
0.344611 nan
0.345154 nan
0.345697 nan
0.346240 nan
0.346783 nan
0.347326 nan
0.347869 nan
0.348412 nan
0.348955 nan
0.349498 nan
0.350040 nan
0.350583 nan
0.351126 nan
0.351669 nan
0.352212 nan
0.352755 nan
0.353298 nan
0.353841 nan
0.354384 nan
0.354927 nan
0.355470 nan
0.356013 nan
0.356556 nan
0.357099 nan
0.357641 nan
0.358184 nan
0.358727 nan
0.359270 nan
0.359813 nan
0.360356 nan
0.360899 nan
0.361442 nan
0.361985 nan
0.362528 nan
0.363071 nan
0.363614 nan
0.364157 nan
0.364700 nan
0.365243 nan
0.365785 nan
0.366328 nan
0.366871 nan
0.367414 nan
0.367957 nan
0.368500 nan
0.369043 nan
0.369586 nan
0.370129 nan
0.370672 nan
0.371215 nan
0.371758 nan
0.372301 nan
0.372844 nan
0.373386 nan
0.373929 nan
0.374472 nan
0.375015 nan
0.375558 nan
0.376101 nan
0.376644 nan
0.377187 nan
0.377730 nan
0.378273 nan
0.378816 nan
0.379359 nan
0.379902 nan
0.380445 nan
0.380987 nan
0.381530 nan
0.382073 nan
0.382616 nan
0.383159 nan
0.383702 nan
0.384245 nan
0.384788 nan
0.385331 nan
0.385874 nan
0.386417 nan
0.386960 nan
0.387503 nan
0.388046 nan
0.388588 nan
0.389131 nan
0.389674 nan
0.390217 nan
0.390760 nan
0.391303 nan
0.391846 nan
0.392389 nan
0.392932 nan
0.393475 nan
0.394018 nan
0.394561 nan
0.395104 nan
0.395647 nan
0.396189 nan
0.396732 nan
0.397275 nan
0.397818 nan
0.398361 nan
0.398904 nan
0.399447 nan
0.399990 nan
