0.400000 0.848702
0.399198 0.848411
0.398397 0.848118
0.397595 0.847825
0.396794 0.847532
0.395992 0.847237
0.395190 0.846941
0.394389 0.846645
0.393587 0.846348
0.392786 0.846050
0.391984 0.845752
0.391182 0.845452
0.390381 0.845152
0.389579 0.844851
0.388778 0.844549
0.387976 0.844246
0.387174 0.843942
0.386373 0.843638
0.385571 0.843332
0.384770 0.843026
0.383968 0.842719
0.383166 0.842411
0.382365 0.842102
0.381563 0.841792
0.380762 0.841482
0.379960 0.841170
0.379158 0.840858
0.378357 0.840544
0.377555 0.840230
0.376754 0.839915
0.375952 0.839599
0.375150 0.839282
0.374349 0.838964
0.373547 0.838645
0.372745 0.838325
0.371944 0.838004
0.371142 0.837682
0.370341 0.837360
0.369539 0.837036
0.368737 0.836711
0.367936 0.836385
0.367134 0.836059
0.366333 0.835731
0.365531 0.835402
0.364729 0.835073
0.363928 0.834742
0.363126 0.834410
0.362325 0.834078
0.361523 0.833744
0.360721 0.833409
0.359920 0.833073
0.359118 0.832736
0.358317 0.832398
0.357515 0.832059
0.356713 0.831719
0.355912 0.831378
0.355110 0.831035
0.354309 0.830692
0.353507 0.830347
0.352705 0.830001
0.351904 0.829655
0.351102 0.829307
0.350301 0.828958
0.349499 0.828607
0.348697 0.828256
0.347896 0.827903
0.347094 0.827549
0.346293 0.827194
0.345491 0.826838
0.344689 0.826481
0.343888 0.826122
0.343086 0.825762
0.342285 0.825401
0.341483 0.825039
0.340681 0.824675
0.339880 0.824311
0.339078 0.823944
0.338277 0.823577
0.337475 0.823208
0.336673 0.822838
0.335872 0.822467
0.335070 0.822094
0.334269 0.821720
0.333467 0.821345
0.332665 0.820968
0.331864 0.820590
0.331062 0.820210
0.330261 0.819830
0.329459 0.819447
0.328657 0.819064
0.327856 0.818678
0.327054 0.818292
0.326253 0.817904
0.325451 0.817514
0.324649 0.817123
0.323848 0.816731
0.323046 0.816337
0.322244 0.815941
0.321443 0.815544
0.320641 0.815145
0.319840 0.814745
0.319038 0.814343
0.318236 0.813940
0.317435 0.813535
0.316633 0.813128
0.315832 0.812720
0.315030 0.812310
0.314228 0.811898
0.313427 0.811485
0.312625 0.811070
0.311824 0.810653
0.311022 0.810234
0.310220 0.809814
0.309419 0.809392
0.308617 0.808969
0.307816 0.808543
0.307014 0.808116
0.306212 0.807686
0.305411 0.807255
0.304609 0.806822
0.303808 0.806387
0.303006 0.805951
0.302204 0.805512
0.301403 0.805071
0.300601 0.804629
0.299800 0.804184
0.298998 0.803737
0.298196 0.803289
0.297395 0.802838
0.296593 0.802385
0.295792 0.801930
0.294990 0.801473
0.294188 0.801014
0.293387 0.800553
0.292585 0.800089
0.291784 0.799624
0.290982 0.799156
0.290180 0.798685
0.289379 0.798213
0.288577 0.797738
0.287776 0.797261
0.286974 0.796781
0.286172 0.796299
0.285371 0.795815
0.284569 0.795328
0.283768 0.794839
0.282966 0.794347
0.282164 0.793853
0.281363 0.793356
0.280561 0.792857
0.279760 0.792355
0.278958 0.791850
0.278156 0.791343
0.277355 0.790833
0.276553 0.790320
0.275752 0.789805
0.274950 0.789286
0.274148 0.788765
0.273347 0.788241
0.272545 0.787714
0.271743 0.787184
0.270942 0.786652
0.270140 0.786116
0.269339 0.785576
0.268537 0.785034
0.267735 0.784489
0.266934 0.783941
0.266132 0.783390
0.265331 0.782835
0.264529 0.782277
0.263727 0.781716
0.262926 0.781151
0.262124 0.780583
0.261323 0.780012
0.260521 0.779437
0.259719 0.778858
0.258918 0.778276
0.258116 0.777690
0.257315 0.777101
0.256513 0.776508
0.255711 0.775911
0.254910 0.775310
0.254108 0.774706
0.253307 0.774097
0.252505 0.773485
0.251703 0.772868
0.250902 0.772248
0.250100 0.771623
0.249299 0.770994
0.248497 0.770361
0.247695 0.769723
0.246894 0.769082
0.246092 0.768435
0.245291 0.767784
0.244489 0.767129
0.243687 0.766469
0.242886 0.765804
0.242084 0.765135
0.241283 0.764461
0.240481 0.763782
0.239679 0.763098
0.238878 0.762409
0.238076 0.761714
0.237275 0.761015
0.236473 0.760311
0.235671 0.759601
0.234870 0.758885
0.234068 0.758165
0.233267 0.757438
0.232465 0.756706
0.231663 0.755969
0.230862 0.755225
0.230060 0.754475
0.229259 0.753720
0.228457 0.752958
0.227655 0.752190
0.226854 0.751416
0.226052 0.750636
0.225251 0.749849
0.224449 0.749055
0.223647 0.748255
0.222846 0.747448
0.222044 0.746634
0.221242 0.745813
0.220441 0.744985
0.219639 0.744150
0.218838 0.743307
0.218036 0.742457
0.217234 0.741600
0.216433 0.740734
0.215631 0.739861
0.214830 0.738979
0.214028 0.738090
0.213226 0.737192
0.212425 0.736286
0.211623 0.735371
0.210822 0.734448
0.210020 0.733515
0.209218 0.732574
0.208417 0.731624
0.207615 0.730664
0.206814 0.729694
0.206012 0.728715
0.205210 0.727727
0.204409 0.726728
0.203607 0.725719
0.202806 0.724699
0.202004 0.723669
0.201202 0.722628
0.200401 0.721577
0.199599 0.720514
0.198798 0.719439
0.197996 0.718353
0.197194 0.717255
0.196393 0.716145
0.195591 0.715023
0.194790 0.713888
0.193988 0.712741
0.193186 0.711580
0.192385 0.710406
0.191583 0.709219
0.190782 0.708017
0.189980 0.706802
0.189178 0.705572
0.188377 0.704327
0.187575 0.703067
0.186774 0.701792
0.185972 0.700501
0.185170 0.699194
0.184369 0.697871
0.183567 0.696531
0.182766 0.695173
0.181964 0.693799
0.181162 0.692406
0.180361 0.690995
0.179559 0.689566
0.178758 0.688117
0.177956 0.686648
0.177154 0.685160
0.176353 0.683651
0.175551 0.682121
0.174749 0.680569
0.173948 0.678996
0.173146 0.677399
0.172345 0.675780
0.171543 0.674137
0.170741 0.672469
0.169940 0.670776
0.169138 0.669058
0.168337 0.667313
0.167535 0.665542
0.166733 0.663742
0.165932 0.661914
0.165130 0.660057
0.164329 0.658169
0.163527 0.656250
0.162725 0.654300
0.161924 0.652316
0.161122 0.650299
0.160321 0.648247
0.159519 0.646159
0.158717 0.644034
0.157916 0.641870
0.157114 0.639668
0.156313 0.637424
0.155511 0.635139
0.154709 0.632810
0.153908 0.630436
0.153106 0.628015
0.152305 0.625546
0.151503 0.623028
0.150701 0.620457
0.149900 0.617833
0.149098 0.615154
0.148297 0.612416
0.147495 0.609618
0.146693 0.606758
0.145892 0.603832
0.145090 0.600838
0.144289 0.597773
0.143487 0.594634
0.142685 0.591417
0.141884 0.588119
0.141082 0.584736
0.140281 0.581263
0.139479 0.577696
0.138677 0.574030
0.137876 0.570260
0.137074 0.566379
0.136273 0.562381
0.135471 0.558259
0.134669 0.554006
0.133868 0.549612
0.133066 0.545067
0.132265 0.540363
0.131463 0.535485
0.130661 0.530420
0.129860 0.525154
0.129058 0.519668
0.128257 0.513942
0.127455 0.507985
0.126653 0.501706
0.125852 0.495103
0.125050 0.488138
0.124248 0.480753
0.123447 0.472896
0.122645 0.464491
0.121844 0.455439
0.121042 0.445595
0.120240 0.434772
0.119439 0.422689
0.118637 0.408886
0.117836 0.392524
0.117034 0.371768
0.116232 0.339832
