0.400000 0.840867
0.399198 0.840424
0.398397 0.839979
0.397595 0.839531
0.396794 0.839082
0.395992 0.838630
0.395190 0.838176
0.394389 0.837720
0.393587 0.837261
0.392786 0.836801
0.391984 0.836338
0.391182 0.835872
0.390381 0.835405
0.389579 0.834935
0.388778 0.834462
0.387976 0.833988
0.387174 0.833511
0.386373 0.833031
0.385571 0.832550
0.384770 0.832065
0.383968 0.831579
0.383166 0.831090
0.382365 0.830598
0.381563 0.830104
0.380762 0.829607
0.379960 0.829108
0.379158 0.828607
0.378357 0.828102
0.377555 0.827596
0.376754 0.827086
0.375952 0.826574
0.375150 0.826060
0.374349 0.825542
0.373547 0.825023
0.372745 0.824500
0.371944 0.823975
0.371142 0.823447
0.370341 0.822916
0.369539 0.822382
0.368737 0.821846
0.367936 0.821307
0.367134 0.820765
0.366333 0.820220
0.365531 0.819672
0.364729 0.819122
0.363928 0.818568
0.363126 0.818012
0.362325 0.817453
0.361523 0.816890
0.360721 0.816325
0.359920 0.815757
0.359118 0.815186
0.358317 0.814611
0.357515 0.814034
0.356713 0.813453
0.355912 0.812869
0.355110 0.812283
0.354309 0.811693
0.353507 0.811099
0.352705 0.810503
0.351904 0.809903
0.351102 0.809300
0.350301 0.808694
0.349499 0.808085
0.348697 0.807472
0.347896 0.806856
0.347094 0.806236
0.346293 0.805613
0.345491 0.804987
0.344689 0.804357
0.343888 0.803723
0.343086 0.803086
0.342285 0.802446
0.341483 0.801802
0.340681 0.801154
0.339880 0.800503
0.339078 0.799848
0.338277 0.799189
0.337475 0.798527
0.336673 0.797861
0.335872 0.797191
0.335070 0.796517
0.334269 0.795840
0.333467 0.795158
0.332665 0.794473
0.331864 0.793784
0.331062 0.793091
0.330261 0.792394
0.329459 0.791693
0.328657 0.790988
0.327856 0.790278
0.327054 0.789565
0.326253 0.788846
0.325451 0.788125
0.324649 0.787399
0.323848 0.786669
0.323046 0.785934
0.322244 0.785196
0.321443 0.784453
0.320641 0.783705
0.319840 0.782953
0.319038 0.782197
0.318236 0.781436
0.317435 0.780671
0.316633 0.779901
0.315832 0.779127
0.315030 0.778347
0.314228 0.777564
0.313427 0.776775
0.312625 0.775982
0.311824 0.775184
0.311022 0.774381
0.310220 0.773573
0.309419 0.772761
0.308617 0.771943
0.307816 0.771120
0.307014 0.770293
0.306212 0.769460
0.305411 0.768622
0.304609 0.767779
0.303808 0.766931
0.303006 0.766077
0.302204 0.765219
0.301403 0.764355
0.300601 0.763485
0.299800 0.762610
0.298998 0.761730
0.298196 0.760844
0.297395 0.759952
0.296593 0.759055
0.295792 0.758152
0.294990 0.757244
0.294188 0.756330
0.293387 0.755409
0.292585 0.754483
0.291784 0.753552
0.290982 0.752614
0.290180 0.751670
0.289379 0.750720
0.288577 0.749764
0.287776 0.748801
0.286974 0.747833
0.286172 0.746858
0.285371 0.745877
0.284569 0.744889
0.283768 0.743895
0.282966 0.742894
0.282164 0.741887
0.281363 0.740873
0.280561 0.739852
0.279760 0.738825
0.278958 0.737791
0.278156 0.736750
0.277355 0.735702
0.276553 0.734646
0.275752 0.733584
0.274950 0.732515
0.274148 0.731438
0.273347 0.730355
0.272545 0.729263
0.271743 0.728165
0.270942 0.727059
0.270140 0.725945
0.269339 0.724824
0.268537 0.723695
0.267735 0.722558
0.266934 0.721413
0.266132 0.720261
0.265331 0.719100
0.264529 0.717931
0.263727 0.716755
0.262926 0.715570
0.262124 0.714376
0.261323 0.713175
0.260521 0.711964
0.259719 0.710746
0.258918 0.709518
0.258116 0.708282
0.257315 0.707037
0.256513 0.705783
0.255711 0.704520
0.254910 0.703248
0.254108 0.701967
0.253307 0.700677
0.252505 0.699377
0.251703 0.698068
0.250902 0.696750
0.250100 0.695422
0.249299 0.694081
0.248497 0.692733
0.247695 0.691375
0.246894 0.690007
0.246092 0.688630
0.245291 0.687241
0.244489 0.685843
0.243687 0.684434
0.242886 0.683015
0.242084 0.681584
0.241283 0.680144
0.240481 0.678692
0.239679 0.677229
0.238878 0.675755
0.238076 0.674270
0.237275 0.672774
0.236473 0.671266
0.235671 0.669746
0.234870 0.668215
0.234068 0.666672
0.233267 0.665117
0.232465 0.663550
0.231663 0.661971
0.230862 0.660380
0.230060 0.658775
0.229259 0.657159
0.228457 0.655530
0.227655 0.653887
0.226854 0.652232
0.226052 0.650564
0.225251 0.648882
0.224449 0.647187
0.223647 0.645478
0.222846 0.643755
0.222044 0.642019
0.221242 0.640268
0.220441 0.638504
0.219639 0.636725
0.218838 0.634931
0.218036 0.633123
0.217234 0.631300
0.216433 0.629461
0.215631 0.627608
0.214830 0.625739
0.214028 0.623855
0.213226 0.621955
0.212425 0.620039
0.211623 0.618103
0.210822 0.616154
0.210020 0.614189
0.209218 0.612207
0.208417 0.610209
0.207615 0.608193
0.206814 0.606160
0.206012 0.604110
0.205210 0.602042
0.204409 0.599956
0.203607 0.597852
0.202806 0.595730
0.202004 0.593589
0.201202 0.591429
0.200401 0.589250
0.199599 0.587053
0.198798 0.584835
0.197996 0.582598
0.197194 0.580341
0.196393 0.578064
0.195591 0.575766
0.194790 0.573448
0.193988 0.571109
0.193186 0.568749
0.192385 0.566367
0.191583 0.563963
0.190782 0.561537
0.189980 0.559085
0.189178 0.556614
0.188377 0.554120
0.187575 0.551604
0.186774 0.549063
0.185972 0.546499
0.185170 0.543911
0.184369 0.541299
0.183567 0.538661
0.182766 0.535999
0.181964 0.533312
0.181162 0.530598
0.180361 0.527859
0.179559 0.525093
0.178758 0.522301
0.177956 0.519481
0.177154 0.516634
0.176353 0.513754
0.175551 0.510851
0.174749 0.507919
0.173948 0.504958
0.173146 0.501967
0.172345 0.498947
0.171543 0.495897
0.170741 0.492816
0.169940 0.489703
0.169138 0.486560
0.168337 0.483384
0.167535 0.480176
0.166733 0.476935
0.165932 0.473661
0.165130 0.470348
0.164329 0.467005
0.163527 0.463628
0.162725 0.460215
0.161924 0.456766
0.161122 0.453281
0.160321 0.449759
0.159519 0.446200
0.158717 0.442603
0.157916 0.438967
0.157114 0.435287
0.156313 0.431572
0.155511 0.427817
0.154709 0.424020
0.153908 0.420183
0.153106 0.416303
0.152305 0.412380
0.151503 0.408413
0.150701 0.404397
0.149900 0.400341
0.149098 0.396240
0.148297 0.392092
0.147495 0.387897
0.146693 0.383655
0.145892 0.379364
0.145090 0.375017
0.144289 0.370626
0.143487 0.366184
0.142685 0.361691
0.141884 0.357144
0.141082 0.352538
0.140281 0.347884
0.139479 0.343174
0.138677 0.338407
0.137876 0.333584
0.137074 0.328696
0.136273 0.323755
0.135471 0.318754
0.134669 0.313692
0.133868 0.308561
0.133066 0.303372
0.132265 0.298119
0.131463 0.292795
0.130661 0.287409
0.129860 0.281956
0.129058 0.276427
0.128257 0.270834
0.127455 0.265169
0.126653 0.259425
0.125852 0.253612
0.125050 0.247718
0.124248 0.241753
0.123447 0.235702
0.122645 0.229578
0.121844 0.223366
0.121042 0.217078
0.120240 0.210698
0.119439 0.204232
0.118637 0.197678
0.117836 0.191041
0.117034 0.184306
0.116232 0.177478
0.115431 0.170555
0.114629 0.163536
0.113828 0.156418
0.113026 0.149192
0.112224 0.141872
0.111423 0.134440
0.110621 0.126902
0.109820 0.119256
0.109018 0.111500
0.108216 0.103625
0.107415 0.095637
0.106613 0.087534
0.105812 0.079308
0.105010 0.070959
0.104208 0.062479
0.103407 0.053878
0.102605 0.045155
0.101804 0.036310
0.101002 0.027350
0.100200 0.018324
0.099399 0.009421
0.098597 0.002426
