0.400000 0.862625
0.399198 0.862261
0.398397 0.861895
0.397595 0.861528
0.396794 0.861158
0.395992 0.860788
0.395190 0.860415
0.394389 0.860041
0.393587 0.859666
0.392786 0.859288
0.391984 0.858909
0.391182 0.858529
0.390381 0.858147
0.389579 0.857763
0.388778 0.857377
0.387976 0.856990
0.387174 0.856601
0.386373 0.856211
0.385571 0.855818
0.384770 0.855424
0.383968 0.855028
0.383166 0.854631
0.382365 0.854231
0.381563 0.853830
0.380762 0.853427
0.379960 0.853022
0.379158 0.852616
0.378357 0.852207
0.377555 0.851796
0.376754 0.851384
0.375952 0.850970
0.375150 0.850554
0.374349 0.850136
0.373547 0.849716
0.372745 0.849295
0.371944 0.848871
0.371142 0.848445
0.370341 0.848018
0.369539 0.847588
0.368737 0.847157
0.367936 0.846723
0.367134 0.846287
0.366333 0.845850
0.365531 0.845410
0.364729 0.844968
0.363928 0.844524
0.363126 0.844078
0.362325 0.843630
0.361523 0.843179
0.360721 0.842727
0.359920 0.842272
0.359118 0.841815
0.358317 0.841356
0.357515 0.840895
0.356713 0.840432
0.355912 0.839966
0.355110 0.839498
0.354309 0.839027
0.353507 0.838555
0.352705 0.838080
0.351904 0.837602
0.351102 0.837123
0.350301 0.836641
0.349499 0.836156
0.348697 0.835669
0.347896 0.835180
0.347094 0.834688
0.346293 0.834193
0.345491 0.833697
0.344689 0.833197
0.343888 0.832695
0.343086 0.832191
0.342285 0.831684
0.341483 0.831174
0.340681 0.830662
0.339880 0.830147
0.339078 0.829629
0.338277 0.829109
0.337475 0.828586
0.336673 0.828060
0.335872 0.827532
0.335070 0.827000
0.334269 0.826466
0.333467 0.825929
0.332665 0.825390
0.331864 0.824847
0.331062 0.824301
0.330261 0.823753
0.329459 0.823201
0.328657 0.822647
0.327856 0.822089
0.327054 0.821529
0.326253 0.820965
0.325451 0.820399
0.324649 0.819829
0.323848 0.819256
0.323046 0.818680
0.322244 0.818101
0.321443 0.817518
0.320641 0.816933
0.319840 0.816344
0.319038 0.815751
0.318236 0.815156
0.317435 0.814556
0.316633 0.813954
0.315832 0.813348
0.315030 0.812739
0.314228 0.812126
0.313427 0.811510
0.312625 0.810890
0.311824 0.810266
0.311022 0.809639
0.310220 0.809008
0.309419 0.808374
0.308617 0.807735
0.307816 0.807093
0.307014 0.806447
0.306212 0.805798
0.305411 0.805144
0.304609 0.804487
0.303808 0.803825
0.303006 0.803160
0.302204 0.802489
0.301403 0.801816
0.300601 0.801138
0.299800 0.800456
0.298998 0.799770
0.298196 0.799080
0.297395 0.798386
0.296593 0.797687
0.295792 0.796984
0.294990 0.796276
0.294188 0.795564
0.293387 0.794847
0.292585 0.794126
0.291784 0.793401
0.290982 0.792670
0.290180 0.791935
0.289379 0.791196
0.288577 0.790451
0.287776 0.789702
0.286974 0.788948
0.286172 0.788189
0.285371 0.787424
0.284569 0.786655
0.283768 0.785881
0.282966 0.785102
0.282164 0.784317
0.281363 0.783527
0.280561 0.782732
0.279760 0.781931
0.278958 0.781125
0.278156 0.780314
0.277355 0.779497
0.276553 0.778674
0.275752 0.777846
0.274950 0.777012
0.274148 0.776172
0.273347 0.775326
0.272545 0.774475
0.271743 0.773617
0.270942 0.772753
0.270140 0.771883
0.269339 0.771007
0.268537 0.770125
0.267735 0.769236
0.266934 0.768341
0.266132 0.767440
0.265331 0.766531
0.264529 0.765616
0.263727 0.764695
0.262926 0.763766
0.262124 0.762831
0.261323 0.761889
0.260521 0.760939
0.259719 0.759983
0.258918 0.759019
0.258116 0.758048
0.257315 0.757068
0.256513 0.756082
0.255711 0.755088
0.254910 0.754087
0.254108 0.753078
0.253307 0.752060
0.252505 0.751035
0.251703 0.750002
0.250902 0.748961
0.250100 0.747911
0.249299 0.746853
0.248497 0.745786
0.247695 0.744711
0.246894 0.743627
0.246092 0.742534
0.245291 0.741432
0.244489 0.740321
0.243687 0.739201
0.242886 0.738072
0.242084 0.736933
0.241283 0.735784
0.240481 0.734626
0.239679 0.733458
0.238878 0.732279
0.238076 0.731091
0.237275 0.729893
0.236473 0.728684
0.235671 0.727464
0.234870 0.726234
0.234068 0.724992
0.233267 0.723740
0.232465 0.722477
0.231663 0.721202
0.230862 0.719916
0.230060 0.718618
0.229259 0.717308
0.228457 0.715984
0.227655 0.714650
0.226854 0.713303
0.226052 0.711944
0.225251 0.710572
0.224449 0.709187
0.223647 0.707789
0.222846 0.706378
0.222044 0.704953
0.221242 0.703514
0.220441 0.702061
0.219639 0.700594
0.218838 0.699113
0.218036 0.697617
0.217234 0.696105
0.216433 0.694579
0.215631 0.693037
0.214830 0.691480
0.214028 0.689907
0.213226 0.688317
0.212425 0.686711
0.211623 0.685088
0.210822 0.683449
0.210020 0.681789
0.209218 0.680114
0.208417 0.678422
0.207615 0.676711
0.206814 0.674981
0.206012 0.673233
0.205210 0.671465
0.204409 0.669678
0.203607 0.667871
0.202806 0.666043
0.202004 0.664195
0.201202 0.662326
0.200401 0.660435
0.199599 0.658523
0.198798 0.656588
0.197996 0.654630
0.197194 0.652648
0.196393 0.650643
0.195591 0.648615
0.194790 0.646562
0.193988 0.644484
0.193186 0.642381
0.192385 0.640252
0.191583 0.638096
0.190782 0.635913
0.189980 0.633702
0.189178 0.631464
0.188377 0.629196
0.187575 0.626896
0.186774 0.624569
0.185972 0.622211
0.185170 0.619821
0.184369 0.617400
0.183567 0.614945
0.182766 0.612457
0.181964 0.609935
0.181162 0.607378
0.180361 0.604782
0.179559 0.602151
0.178758 0.599483
0.177956 0.596777
0.177154 0.594031
0.176353 0.591244
0.175551 0.588416
0.174749 0.585546
0.173948 0.582629
0.173146 0.579670
0.172345 0.576665
0.171543 0.573613
0.170741 0.570512
0.169940 0.567362
0.169138 0.564161
0.168337 0.560905
0.167535 0.557598
0.166733 0.554235
0.165932 0.550815
0.165130 0.547336
0.164329 0.543794
0.163527 0.540192
0.162725 0.536527
0.161924 0.532795
0.161122 0.528995
0.160321 0.525122
0.159519 0.521179
0.158717 0.517160
0.157916 0.513065
0.157114 0.508886
0.156313 0.504626
0.155511 0.500282
0.154709 0.495848
0.153908 0.491318
0.153106 0.486696
0.152305 0.481975
0.151503 0.477148
0.150701 0.472216
0.149900 0.467170
0.149098 0.462010
0.148297 0.456730
0.147495 0.451320
0.146693 0.445782
0.145892 0.440103
0.145090 0.434284
0.144289 0.428309
0.143487 0.422181
0.142685 0.415883
0.141884 0.409411
0.141082 0.402759
0.140281 0.395909
0.139479 0.388856
0.138677 0.381591
0.137876 0.374093
0.137074 0.366353
0.136273 0.358355
0.135471 0.350082
0.134669 0.341516
0.133868 0.332630
0.133066 0.323413
0.132265 0.313827
0.131463 0.303857
0.130661 0.293455
0.129860 0.282593
0.129058 0.271228
0.128257 0.259303
0.127455 0.246771
0.126653 0.233549
0.125852 0.219576
0.125050 0.204761
0.124248 0.188970
0.123447 0.172086
0.122645 0.153931
0.121844 0.134295
0.121042 0.112907
0.120240 0.089414
0.119439 0.063395
0.118637 0.034429
0.117836 0.006312
0.117034 0.001139
