0.400000 0.812066
0.399198 0.811746
0.398397 0.811424
0.397595 0.811101
0.396794 0.810776
0.395992 0.810449
0.395190 0.810120
0.394389 0.809790
0.393587 0.809458
0.392786 0.809125
0.391984 0.808789
0.391182 0.808452
0.390381 0.808113
0.389579 0.807772
0.388778 0.807430
0.387976 0.807085
0.387174 0.806739
0.386373 0.806391
0.385571 0.806041
0.384770 0.805689
0.383968 0.805336
0.383166 0.804980
0.382365 0.804623
0.381563 0.804264
0.380762 0.803902
0.379960 0.803539
0.379158 0.803174
0.378357 0.802807
0.377555 0.802438
0.376754 0.802067
0.375952 0.801694
0.375150 0.801319
0.374349 0.800942
0.373547 0.800563
0.372745 0.800181
0.371944 0.799798
0.371142 0.799413
0.370341 0.799025
0.369539 0.798636
0.368737 0.798244
0.367936 0.797850
0.367134 0.797454
0.366333 0.797056
0.365531 0.796655
0.364729 0.796253
0.363928 0.795848
0.363126 0.795441
0.362325 0.795032
0.361523 0.794620
0.360721 0.794206
0.359920 0.793790
0.359118 0.793372
0.358317 0.792951
0.357515 0.792528
0.356713 0.792102
0.355912 0.791674
0.355110 0.791244
0.354309 0.790811
0.353507 0.790376
0.352705 0.789938
0.351904 0.789498
0.351102 0.789055
0.350301 0.788610
0.349499 0.788163
0.348697 0.787712
0.347896 0.787260
0.347094 0.786804
0.346293 0.786346
0.345491 0.785886
0.344689 0.785422
0.343888 0.784956
0.343086 0.784488
0.342285 0.784016
0.341483 0.783542
0.340681 0.783066
0.339880 0.782586
0.339078 0.782104
0.338277 0.781619
0.337475 0.781131
0.336673 0.780640
0.335872 0.780146
0.335070 0.779649
0.334269 0.779150
0.333467 0.778647
0.332665 0.778142
0.331864 0.777634
0.331062 0.777122
0.330261 0.776608
0.329459 0.776090
0.328657 0.775569
0.327856 0.775046
0.327054 0.774519
0.326253 0.773989
0.325451 0.773456
0.324649 0.772919
0.323848 0.772380
0.323046 0.771837
0.322244 0.771291
0.321443 0.770741
0.320641 0.770189
0.319840 0.769632
0.319038 0.769073
0.318236 0.768510
0.317435 0.767944
0.316633 0.767374
0.315832 0.766800
0.315030 0.766224
0.314228 0.765643
0.313427 0.765059
0.312625 0.764472
0.311824 0.763880
0.311022 0.763285
0.310220 0.762687
0.309419 0.762084
0.308617 0.761478
0.307816 0.760868
0.307014 0.760254
0.306212 0.759637
0.305411 0.759015
0.304609 0.758390
0.303808 0.757760
0.303006 0.757127
0.302204 0.756490
0.301403 0.755848
0.300601 0.755203
0.299800 0.754553
0.298998 0.753899
0.298196 0.753241
0.297395 0.752579
0.296593 0.751912
0.295792 0.751241
0.294990 0.750566
0.294188 0.749887
0.293387 0.749203
0.292585 0.748514
0.291784 0.747821
0.290982 0.747124
0.290180 0.746422
0.289379 0.745715
0.288577 0.745004
0.287776 0.744288
0.286974 0.743567
0.286172 0.742841
0.285371 0.742111
0.284569 0.741376
0.283768 0.740636
0.282966 0.739890
0.282164 0.739140
0.281363 0.738385
0.280561 0.737625
0.279760 0.736860
0.278958 0.736089
0.278156 0.735313
0.277355 0.734532
0.276553 0.733746
0.275752 0.732954
0.274950 0.732157
0.274148 0.731354
0.273347 0.730546
0.272545 0.729732
0.271743 0.728913
0.270942 0.728088
0.270140 0.727257
0.269339 0.726421
0.268537 0.725578
0.267735 0.724730
0.266934 0.723876
0.266132 0.723015
0.265331 0.722149
0.264529 0.721277
0.263727 0.720398
0.262926 0.719513
0.262124 0.718622
0.261323 0.717725
0.260521 0.716821
0.259719 0.715910
0.258918 0.714993
0.258116 0.714070
0.257315 0.713138
0.256513 0.712202
0.255711 0.711258
0.254910 0.710307
0.254108 0.709350
0.253307 0.708385
0.252505 0.707413
0.251703 0.706434
0.250902 0.705448
0.250100 0.704455
0.249299 0.703454
0.248497 0.702446
0.247695 0.701431
0.246894 0.700407
0.246092 0.699377
0.245291 0.698338
0.244489 0.697292
0.243687 0.696237
0.242886 0.695175
0.242084 0.694105
0.241283 0.693026
0.240481 0.691939
0.239679 0.690844
0.238878 0.689741
0.238076 0.688629
0.237275 0.687508
0.236473 0.686379
0.235671 0.685241
0.234870 0.684095
0.234068 0.682939
0.233267 0.681774
0.232465 0.680600
0.231663 0.679417
0.230862 0.678225
0.230060 0.677023
0.229259 0.675811
0.228457 0.674590
0.227655 0.673359
0.226854 0.672119
0.226052 0.670868
0.225251 0.669607
0.224449 0.668337
0.223647 0.667056
0.222846 0.665764
0.222044 0.664462
0.221242 0.663149
0.220441 0.661826
0.219639 0.660492
0.218838 0.659146
0.218036 0.657790
0.217234 0.656422
0.216433 0.655044
0.215631 0.653653
0.214830 0.652251
0.214028 0.650837
0.213226 0.649411
0.212425 0.647974
0.211623 0.646524
0.210822 0.645061
0.210020 0.643587
0.209218 0.642100
0.208417 0.640600
0.207615 0.639087
0.206814 0.637561
0.206012 0.636021
0.205210 0.634469
0.204409 0.632903
0.203607 0.631323
0.202806 0.629730
0.202004 0.628122
0.201202 0.626500
0.200401 0.624862
0.199599 0.623211
0.198798 0.621546
0.197996 0.619866
0.197194 0.618170
0.196393 0.616460
0.195591 0.614734
0.194790 0.612992
0.193988 0.611235
0.193186 0.609461
0.192385 0.607671
0.191583 0.605865
0.190782 0.604042
0.189980 0.602203
0.189178 0.600346
0.188377 0.598472
0.187575 0.596581
0.186774 0.594672
0.185972 0.592745
0.185170 0.590799
0.184369 0.588836
0.183567 0.586853
0.182766 0.584852
0.181964 0.582831
0.181162 0.580792
0.180361 0.578732
0.179559 0.576653
0.178758 0.574553
0.177956 0.572433
0.177154 0.570292
0.176353 0.568130
0.175551 0.565947
0.174749 0.563742
0.173948 0.561516
0.173146 0.559267
0.172345 0.556995
0.171543 0.554701
0.170741 0.552380
0.169940 0.550039
0.169138 0.547674
0.168337 0.545286
0.167535 0.542872
0.166733 0.540434
0.165932 0.537971
0.165130 0.535482
0.164329 0.532967
0.163527 0.530426
0.162725 0.527858
0.161924 0.525264
0.161122 0.522641
0.160321 0.519991
0.159519 0.517313
0.158717 0.514606
0.157916 0.511870
0.157114 0.509104
0.156313 0.506309
0.155511 0.503479
0.154709 0.500621
0.153908 0.497733
0.153106 0.494812
0.152305 0.491860
0.151503 0.488874
0.150701 0.485855
0.149900 0.482802
0.149098 0.479714
0.148297 0.476592
0.147495 0.473434
0.146693 0.470240
0.145892 0.467009
0.145090 0.463741
0.144289 0.460431
0.143487 0.457087
0.142685 0.453703
0.141884 0.450279
0.141082 0.446815
0.140281 0.443310
0.139479 0.439764
0.138677 0.436174
0.137876 0.432542
0.137074 0.428865
0.136273 0.425144
0.135471 0.421373
0.134669 0.417560
0.133868 0.413699
0.133066 0.409791
0.132265 0.405834
0.131463 0.401828
0.130661 0.397771
0.129860 0.393663
0.129058 0.389497
0.128257 0.385283
0.127455 0.381015
0.126653 0.376692
0.125852 0.372312
0.125050 0.367875
0.124248 0.363380
0.123447 0.358820
0.122645 0.354204
0.121844 0.349527
0.121042 0.344787
0.120240 0.339983
0.119439 0.335109
0.118637 0.330172
0.117836 0.325168
0.117034 0.320095
0.116232 0.314946
0.115431 0.309730
0.114629 0.304440
0.113828 0.299076
0.113026 0.293630
0.112224 0.288110
0.111423 0.282512
0.110621 0.276826
0.109820 0.271063
0.109018 0.265216
0.108216 0.259275
0.107415 0.253253
0.106613 0.247134
0.105812 0.240929
0.105010 0.234629
0.104208 0.228227
0.103407 0.221727
0.102605 0.215133
0.101804 0.208429
0.101002 0.201620
0.100200 0.194710
0.099399 0.187684
0.098597 0.180545
0.097796 0.173291
0.096994 0.165919
0.096192 0.158428
0.095391 0.150813
0.094589 0.143066
0.093788 0.135196
0.092986 0.127188
0.092184 0.119045
0.091383 0.110765
0.090581 0.102338
0.089780 0.093767
0.088978 0.085044
0.088176 0.076173
0.087375 0.067139
0.086573 0.057949
0.085772 0.048599
0.084970 0.039086
0.084168 0.029421
0.083367 0.019626
0.082565 0.009873
0.081764 0.002084
