0.400000 0.842381
0.399198 0.841930
0.398397 0.841477
0.397595 0.841023
0.396794 0.840566
0.395992 0.840108
0.395190 0.839647
0.394389 0.839185
0.393587 0.838720
0.392786 0.838254
0.391984 0.837786
0.391182 0.837315
0.390381 0.836843
0.389579 0.836368
0.388778 0.835891
0.387976 0.835413
0.387174 0.834932
0.386373 0.834449
0.385571 0.833964
0.384770 0.833477
0.383968 0.832987
0.383166 0.832496
0.382365 0.832002
0.381563 0.831506
0.380762 0.831008
0.379960 0.830508
0.379158 0.830005
0.378357 0.829500
0.377555 0.828993
0.376754 0.828483
0.375952 0.827972
0.375150 0.827457
0.374349 0.826941
0.373547 0.826422
0.372745 0.825901
0.371944 0.825377
0.371142 0.824851
0.370341 0.824323
0.369539 0.823792
0.368737 0.823258
0.367936 0.822723
0.367134 0.822184
0.366333 0.821643
0.365531 0.821100
0.364729 0.820554
0.363928 0.820005
0.363126 0.819454
0.362325 0.818900
0.361523 0.818344
0.360721 0.817785
0.359920 0.817223
0.359118 0.816658
0.358317 0.816091
0.357515 0.815521
0.356713 0.814949
0.355912 0.814373
0.355110 0.813795
0.354309 0.813214
0.353507 0.812630
0.352705 0.812043
0.351904 0.811453
0.351102 0.810860
0.350301 0.810265
0.349499 0.809666
0.348697 0.809065
0.347896 0.808460
0.347094 0.807853
0.346293 0.807242
0.345491 0.806628
0.344689 0.806011
0.343888 0.805391
0.343086 0.804768
0.342285 0.804142
0.341483 0.803512
0.340681 0.802879
0.339880 0.802243
0.339078 0.801604
0.338277 0.800961
0.337475 0.800315
0.336673 0.799666
0.335872 0.799013
0.335070 0.798357
0.334269 0.797696
0.333467 0.797033
0.332665 0.796366
0.331864 0.795696
0.331062 0.795022
0.330261 0.794344
0.329459 0.793663
0.328657 0.792978
0.327856 0.792290
0.327054 0.791597
0.326253 0.790901
0.325451 0.790201
0.324649 0.789497
0.323848 0.788790
0.323046 0.788078
0.322244 0.787363
0.321443 0.786643
0.320641 0.785920
0.319840 0.785192
0.319038 0.784460
0.318236 0.783724
0.317435 0.782984
0.316633 0.782240
0.315832 0.781492
0.315030 0.780739
0.314228 0.779982
0.313427 0.779220
0.312625 0.778454
0.311824 0.777684
0.311022 0.776909
0.310220 0.776129
0.309419 0.775345
0.308617 0.774556
0.307816 0.773763
0.307014 0.772965
0.306212 0.772162
0.305411 0.771354
0.304609 0.770542
0.303808 0.769724
0.303006 0.768902
0.302204 0.768074
0.301403 0.767241
0.300601 0.766404
0.299800 0.765561
0.298998 0.764713
0.298196 0.763859
0.297395 0.763001
0.296593 0.762136
0.295792 0.761267
0.294990 0.760392
0.294188 0.759511
0.293387 0.758625
0.292585 0.757733
0.291784 0.756835
0.290982 0.755931
0.290180 0.755022
0.289379 0.754107
0.288577 0.753185
0.287776 0.752256
0.286974 0.751323
0.286172 0.750383
0.285371 0.749437
0.284569 0.748484
0.283768 0.747525
0.282966 0.746560
0.282164 0.745588
0.281363 0.744610
0.280561 0.743625
0.279760 0.742633
0.278958 0.741634
0.278156 0.740628
0.277355 0.739615
0.276553 0.738595
0.275752 0.737568
0.274950 0.736534
0.274148 0.735492
0.273347 0.734443
0.272545 0.733386
0.271743 0.732321
0.270942 0.731249
0.270140 0.730169
0.269339 0.729081
0.268537 0.727986
0.267735 0.726882
0.266934 0.725769
0.266132 0.724649
0.265331 0.723520
0.264529 0.722382
0.263727 0.721236
0.262926 0.720081
0.262124 0.718918
0.261323 0.717745
0.260521 0.716563
0.259719 0.715372
0.258918 0.714172
0.258116 0.712962
0.257315 0.711741
0.256513 0.710511
0.255711 0.709272
0.254910 0.708023
0.254108 0.706764
0.253307 0.705495
0.252505 0.704215
0.251703 0.702925
0.250902 0.701624
0.250100 0.700312
0.249299 0.698989
0.248497 0.697655
0.247695 0.696310
0.246894 0.694953
0.246092 0.693585
0.245291 0.692205
0.244489 0.690813
0.243687 0.689408
0.242886 0.687992
0.242084 0.686563
0.241283 0.685121
0.240481 0.683666
0.239679 0.682198
0.238878 0.680715
0.238076 0.679220
0.237275 0.677712
0.236473 0.676190
0.235671 0.674653
0.234870 0.673102
0.234068 0.671537
0.233267 0.669957
0.232465 0.668361
0.231663 0.666751
0.230862 0.665124
0.230060 0.663482
0.229259 0.661824
0.228457 0.660150
0.227655 0.658459
0.226854 0.656751
0.226052 0.655023
0.225251 0.653281
0.224449 0.651520
0.223647 0.649741
0.222846 0.647944
0.222044 0.646128
0.221242 0.644293
0.220441 0.642439
0.219639 0.640565
0.218838 0.638670
0.218036 0.636755
0.217234 0.634820
0.216433 0.632862
0.215631 0.630884
0.214830 0.628880
0.214028 0.626857
0.213226 0.624810
0.212425 0.622740
0.211623 0.620646
0.210822 0.618528
0.210020 0.616384
0.209218 0.614216
0.208417 0.612021
0.207615 0.609801
0.206814 0.607550
0.206012 0.605275
0.205210 0.602971
0.204409 0.600638
0.203607 0.598276
0.202806 0.595885
0.202004 0.593462
0.201202 0.591008
0.200401 0.588522
0.199599 0.586001
0.198798 0.583448
0.197996 0.580861
0.197194 0.578239
0.196393 0.575581
0.195591 0.572887
0.194790 0.570154
0.193988 0.567380
0.193186 0.564569
0.192385 0.561717
0.191583 0.558823
0.190782 0.555887
0.189980 0.552907
0.189178 0.549879
0.188377 0.546807
0.187575 0.543687
0.186774 0.540519
0.185972 0.537301
0.185170 0.534031
0.184369 0.530704
0.183567 0.527326
0.182766 0.523892
0.181964 0.520399
0.181162 0.516844
0.180361 0.513230
0.179559 0.509553
0.178758 0.505810
0.177956 0.501996
0.177154 0.498115
0.176353 0.494162
0.175551 0.490134
0.174749 0.486025
0.173948 0.481840
0.173146 0.477571
0.172345 0.473213
0.171543 0.468769
0.170741 0.464233
0.169940 0.459597
0.169138 0.454865
0.168337 0.450024
0.167535 0.445079
0.166733 0.440018
0.165932 0.434842
0.165130 0.429540
0.164329 0.424113
0.163527 0.418548
0.162725 0.412845
0.161924 0.406992
0.161122 0.400987
0.160321 0.394816
0.159519 0.388473
0.158717 0.381950
0.157916 0.375240
0.157114 0.368325
0.156313 0.361196
0.155511 0.353842
0.154709 0.346247
0.153908 0.338396
0.153106 0.330267
0.152305 0.321852
0.151503 0.313124
0.150701 0.304055
0.149900 0.294623
0.149098 0.284800
0.148297 0.274554
0.147495 0.263848
0.146693 0.252623
0.145892 0.240855
0.145090 0.228466
0.144289 0.215408
0.143487 0.201600
0.142685 0.186956
0.141884 0.171369
0.141082 0.154715
0.140281 0.136866
0.139479 0.117635
0.138677 0.096827
0.137876 0.074229
0.137074 0.049637
0.136273 0.023295
0.135471 0.003689
0.134669 0.001112
