0.400000 0.878517
0.399198 0.878318
0.398397 0.878117
0.397595 0.877916
0.396794 0.877715
0.395992 0.877512
0.395190 0.877310
0.394389 0.877106
0.393587 0.876902
0.392786 0.876697
0.391984 0.876491
0.391182 0.876285
0.390381 0.876078
0.389579 0.875871
0.388778 0.875663
0.387976 0.875454
0.387174 0.875244
0.386373 0.875034
0.385571 0.874823
0.384770 0.874611
0.383968 0.874399
0.383166 0.874186
0.382365 0.873972
0.381563 0.873757
0.380762 0.873542
0.379960 0.873326
0.379158 0.873109
0.378357 0.872891
0.377555 0.872673
0.376754 0.872454
0.375952 0.872234
0.375150 0.872014
0.374349 0.871792
0.373547 0.871570
0.372745 0.871347
0.371944 0.871124
0.371142 0.870899
0.370341 0.870674
0.369539 0.870448
0.368737 0.870221
0.367936 0.869993
0.367134 0.869765
0.366333 0.869535
0.365531 0.869305
0.364729 0.869074
0.363928 0.868842
0.363126 0.868609
0.362325 0.868375
0.361523 0.868141
0.360721 0.867905
0.359920 0.867669
0.359118 0.867432
0.358317 0.867194
0.357515 0.866955
0.356713 0.866715
0.355912 0.866474
0.355110 0.866232
0.354309 0.865990
0.353507 0.865746
0.352705 0.865502
0.351904 0.865256
0.351102 0.865009
0.350301 0.864762
0.349499 0.864514
0.348697 0.864264
0.347896 0.864014
0.347094 0.863762
0.346293 0.863510
0.345491 0.863256
0.344689 0.863002
0.343888 0.862746
0.343086 0.862490
0.342285 0.862232
0.341483 0.861973
0.340681 0.861713
0.339880 0.861453
0.339078 0.861191
0.338277 0.860927
0.337475 0.860663
0.336673 0.860398
0.335872 0.860132
0.335070 0.859864
0.334269 0.859595
0.333467 0.859325
0.332665 0.859054
0.331864 0.858782
0.331062 0.858509
0.330261 0.858234
0.329459 0.857958
0.328657 0.857681
0.327856 0.857403
0.327054 0.857123
0.326253 0.856842
0.325451 0.856560
0.324649 0.856277
0.323848 0.855992
0.323046 0.855706
0.322244 0.855419
0.321443 0.855130
0.320641 0.854840
0.319840 0.854549
0.319038 0.854257
0.318236 0.853963
0.317435 0.853667
0.316633 0.853370
0.315832 0.853072
0.315030 0.852773
0.314228 0.852472
0.313427 0.852169
0.312625 0.851865
0.311824 0.851560
0.311022 0.851253
0.310220 0.850944
0.309419 0.850634
0.308617 0.850322
0.307816 0.850009
0.307014 0.849695
0.306212 0.849378
0.305411 0.849061
0.304609 0.848741
0.303808 0.848420
0.303006 0.848097
0.302204 0.847773
0.301403 0.847447
0.300601 0.847119
0.299800 0.846789
0.298998 0.846458
0.298196 0.846125
0.297395 0.845790
0.296593 0.845454
0.295792 0.845115
0.294990 0.844775
0.294188 0.844433
0.293387 0.844089
0.292585 0.843743
0.291784 0.843396
0.290982 0.843046
0.290180 0.842694
0.289379 0.842341
0.288577 0.841985
0.287776 0.841628
0.286974 0.841268
0.286172 0.840907
0.285371 0.840543
0.284569 0.840178
0.283768 0.839810
0.282966 0.839440
0.282164 0.839068
0.281363 0.838693
0.280561 0.838317
0.279760 0.837938
0.278958 0.837557
0.278156 0.837174
0.277355 0.836788
0.276553 0.836400
0.275752 0.836010
0.274950 0.835617
0.274148 0.835222
0.273347 0.834825
0.272545 0.834425
0.271743 0.834022
0.270942 0.833618
0.270140 0.833210
0.269339 0.832800
0.268537 0.832387
0.267735 0.831972
0.266934 0.831554
0.266132 0.831133
0.265331 0.830710
0.264529 0.830284
0.263727 0.829855
0.262926 0.829423
0.262124 0.828988
0.261323 0.828551
0.260521 0.828110
0.259719 0.827667
0.258918 0.827221
0.258116 0.826771
0.257315 0.826319
0.256513 0.825863
0.255711 0.825404
0.254910 0.824942
0.254108 0.824477
0.253307 0.824009
0.252505 0.823537
0.251703 0.823062
0.250902 0.822583
0.250100 0.822101
0.249299 0.821616
0.248497 0.821127
0.247695 0.820635
0.246894 0.820139
0.246092 0.819639
0.245291 0.819136
0.244489 0.818628
0.243687 0.818117
0.242886 0.817603
0.242084 0.817084
0.241283 0.816562
0.240481 0.816035
0.239679 0.815504
0.238878 0.814969
0.238076 0.814430
0.237275 0.813887
0.236473 0.813340
0.235671 0.812788
0.234870 0.812232
0.234068 0.811672
0.233267 0.811107
0.232465 0.810537
0.231663 0.809963
0.230862 0.809384
0.230060 0.808801
0.229259 0.808212
0.228457 0.807619
0.227655 0.807021
0.226854 0.806418
0.226052 0.805809
0.225251 0.805196
0.224449 0.804577
0.223647 0.803953
0.222846 0.803324
0.222044 0.802689
0.221242 0.802049
0.220441 0.801403
0.219639 0.800751
0.218838 0.800094
0.218036 0.799431
0.217234 0.798761
0.216433 0.798086
0.215631 0.797405
0.214830 0.796717
0.214028 0.796023
0.213226 0.795323
0.212425 0.794616
0.211623 0.793903
0.210822 0.793183
0.210020 0.792456
0.209218 0.791721
0.208417 0.790980
0.207615 0.790233
0.206814 0.789477
0.206012 0.788715
0.205210 0.787945
0.204409 0.787167
0.203607 0.786382
0.202806 0.785589
0.202004 0.784787
0.201202 0.783978
0.200401 0.783161
0.199599 0.782335
0.198798 0.781501
0.197996 0.780658
0.197194 0.779806
0.196393 0.778946
0.195591 0.778076
0.194790 0.777197
0.193988 0.776309
0.193186 0.775411
0.192385 0.774504
0.191583 0.773586
0.190782 0.772659
0.189980 0.771721
0.189178 0.770774
0.188377 0.769814
0.187575 0.768845
0.186774 0.767865
0.185972 0.766873
0.185170 0.765871
0.184369 0.764856
0.183567 0.763830
0.182766 0.762792
0.181964 0.761741
0.181162 0.760679
0.180361 0.759603
0.179559 0.758515
0.178758 0.757413
0.177956 0.756298
0.177154 0.755169
0.176353 0.754027
0.175551 0.752870
0.174749 0.751698
0.173948 0.750512
0.173146 0.749311
0.172345 0.748094
0.171543 0.746862
0.170741 0.745613
0.169940 0.744349
0.169138 0.743067
0.168337 0.741769
0.167535 0.740453
0.166733 0.739120
0.165932 0.737768
0.165130 0.736398
0.164329 0.735008
0.163527 0.733600
0.162725 0.732171
0.161924 0.730723
0.161122 0.729253
0.160321 0.727763
0.159519 0.726251
0.158717 0.724717
0.157916 0.723160
0.157114 0.721580
0.156313 0.719976
0.155511 0.718348
0.154709 0.716695
0.153908 0.715017
0.153106 0.713312
0.152305 0.711581
0.151503 0.709822
0.150701 0.708035
0.149900 0.706219
0.149098 0.704373
0.148297 0.702498
0.147495 0.700591
0.146693 0.698651
0.145892 0.696679
0.145090 0.694674
0.144289 0.692633
0.143487 0.690556
0.142685 0.688443
0.141884 0.686292
0.141082 0.684102
0.140281 0.681872
0.139479 0.679601
0.138677 0.677287
0.137876 0.674929
0.137074 0.672526
0.136273 0.670077
0.135471 0.667579
0.134669 0.665031
0.133868 0.662433
0.133066 0.659780
0.132265 0.657073
0.131463 0.654309
0.130661 0.651487
0.129860 0.648603
0.129058 0.645655
0.128257 0.642643
0.127455 0.639562
0.126653 0.636410
0.125852 0.633185
0.125050 0.629883
0.124248 0.626501
0.123447 0.623036
0.122645 0.619484
0.121844 0.615842
0.121042 0.612105
0.120240 0.608269
0.119439 0.604329
0.118637 0.600280
0.117836 0.596117
0.117034 0.591833
0.116232 0.587423
0.115431 0.582879
0.114629 0.578193
0.113828 0.573358
0.113026 0.568364
0.112224 0.563201
0.111423 0.557858
0.110621 0.552322
0.109820 0.546581
0.109018 0.540618
0.108216 0.534416
0.107415 0.527957
0.106613 0.521216
0.105812 0.514168
0.105010 0.506784
0.104208 0.499029
0.103407 0.490860
0.102605 0.482229
0.101804 0.473075
0.101002 0.463322
0.100200 0.452877
0.099399 0.441617
0.098597 0.429379
0.097796 0.415935
0.096994 0.401021
0.096192 0.383995
0.095391 0.364020
0.094589 0.339233
0.093788 0.304162
