0.400000 0.823104
0.399198 0.822998
0.398397 0.822892
0.397595 0.822787
0.396794 0.822681
0.395992 0.822575
0.395190 0.822469
0.394389 0.822363
0.393587 0.822257
0.392786 0.822151
0.391984 0.822045
0.391182 0.821939
0.390381 0.821833
0.389579 0.821726
0.388778 0.821620
0.387976 0.821513
0.387174 0.821407
0.386373 0.821300
0.385571 0.821194
0.384770 0.821087
0.383968 0.820980
0.383166 0.820873
0.382365 0.820766
0.381563 0.820659
0.380762 0.820552
0.379960 0.820444
0.379158 0.820337
0.378357 0.820229
0.377555 0.820122
0.376754 0.820014
0.375952 0.819906
0.375150 0.819798
0.374349 0.819690
0.373547 0.819582
0.372745 0.819474
0.371944 0.819366
0.371142 0.819257
0.370341 0.819149
0.369539 0.819040
0.368737 0.818931
0.367936 0.818822
0.367134 0.818713
0.366333 0.818604
0.365531 0.818495
0.364729 0.818385
0.363928 0.818276
0.363126 0.818166
0.362325 0.818056
0.361523 0.817946
0.360721 0.817836
0.359920 0.817726
0.359118 0.817615
0.358317 0.817505
0.357515 0.817394
0.356713 0.817283
0.355912 0.817172
0.355110 0.817060
0.354309 0.816949
0.353507 0.816837
0.352705 0.816725
0.351904 0.816613
0.351102 0.816501
0.350301 0.816389
0.349499 0.816276
0.348697 0.816163
0.347896 0.816050
0.347094 0.815937
0.346293 0.815824
0.345491 0.815710
0.344689 0.815596
0.343888 0.815482
0.343086 0.815368
0.342285 0.815253
0.341483 0.815138
0.340681 0.815023
0.339880 0.814908
0.339078 0.814792
0.338277 0.814676
0.337475 0.814560
0.336673 0.814444
0.335872 0.814327
0.335070 0.814210
0.334269 0.814093
0.333467 0.813975
0.332665 0.813857
0.331864 0.813739
0.331062 0.813621
0.330261 0.813502
0.329459 0.813383
0.328657 0.813264
0.327856 0.813144
0.327054 0.813024
0.326253 0.812903
0.325451 0.812783
0.324649 0.812662
0.323848 0.812540
0.323046 0.812418
0.322244 0.812296
0.321443 0.812173
0.320641 0.812050
0.319840 0.811927
0.319038 0.811803
0.318236 0.811679
0.317435 0.811554
0.316633 0.811429
0.315832 0.811303
0.315030 0.811177
0.314228 0.811051
0.313427 0.810924
0.312625 0.810797
0.311824 0.810669
0.311022 0.810540
0.310220 0.810411
0.309419 0.810282
0.308617 0.810152
0.307816 0.810022
0.307014 0.809891
0.306212 0.809759
0.305411 0.809627
0.304609 0.809495
0.303808 0.809362
0.303006 0.809228
0.302204 0.809093
0.301403 0.808958
0.300601 0.808823
0.299800 0.808687
0.298998 0.808550
0.298196 0.808412
0.297395 0.808274
0.296593 0.808135
0.295792 0.807996
0.294990 0.807856
0.294188 0.807715
0.293387 0.807573
0.292585 0.807431
0.291784 0.807288
0.290982 0.807144
0.290180 0.807000
0.289379 0.806854
0.288577 0.806708
0.287776 0.806561
0.286974 0.806413
0.286172 0.806265
0.285371 0.806115
0.284569 0.805965
0.283768 0.805814
0.282966 0.805661
0.282164 0.805508
0.281363 0.805355
0.280561 0.805200
0.279760 0.805044
0.278958 0.804887
0.278156 0.804729
0.277355 0.804571
0.276553 0.804411
0.275752 0.804250
0.274950 0.804088
0.274148 0.803925
0.273347 0.803761
0.272545 0.803596
0.271743 0.803430
0.270942 0.803262
0.270140 0.803094
0.269339 0.802924
0.268537 0.802753
0.267735 0.802581
0.266934 0.802407
0.266132 0.802233
0.265331 0.802057
0.264529 0.801879
0.263727 0.801701
0.262926 0.801521
0.262124 0.801340
0.261323 0.801157
0.260521 0.800973
0.259719 0.800787
0.258918 0.800601
0.258116 0.800412
0.257315 0.800222
0.256513 0.800031
0.255711 0.799838
0.254910 0.799643
0.254108 0.799447
0.253307 0.799249
0.252505 0.799049
0.251703 0.798848
0.250902 0.798645
0.250100 0.798441
0.249299 0.798234
0.248497 0.798026
0.247695 0.797816
0.246894 0.797604
0.246092 0.797390
0.245291 0.797175
0.244489 0.796957
0.243687 0.796737
0.242886 0.796516
0.242084 0.796292
0.241283 0.796066
0.240481 0.795839
0.239679 0.795609
0.238878 0.795376
0.238076 0.795142
0.237275 0.794905
0.236473 0.794666
0.235671 0.794425
0.234870 0.794181
0.234068 0.793935
0.233267 0.793687
0.232465 0.793436
0.231663 0.793183
0.230862 0.792927
0.230060 0.792668
0.229259 0.792407
0.228457 0.792143
0.227655 0.791876
0.226854 0.791606
0.226052 0.791334
0.225251 0.791059
0.224449 0.790781
0.223647 0.790500
0.222846 0.790216
0.222044 0.789929
0.221242 0.789638
0.220441 0.789345
0.219639 0.789048
0.218838 0.788748
0.218036 0.788445
0.217234 0.788139
0.216433 0.787828
0.215631 0.787515
0.214830 0.787198
0.214028 0.786877
0.213226 0.786553
0.212425 0.786225
0.211623 0.785893
0.210822 0.785557
0.210020 0.785217
0.209218 0.784873
0.208417 0.784526
0.207615 0.784174
0.206814 0.783818
0.206012 0.783457
0.205210 0.783092
0.204409 0.782723
0.203607 0.782350
0.202806 0.781971
0.202004 0.781588
0.201202 0.781201
0.200401 0.780808
0.199599 0.780411
0.198798 0.780009
0.197996 0.779601
0.197194 0.779189
0.196393 0.778771
0.195591 0.778348
0.194790 0.777919
0.193988 0.777485
0.193186 0.777045
0.192385 0.776600
0.191583 0.776148
0.190782 0.775691
0.189980 0.775228
0.189178 0.774758
0.188377 0.774282
0.187575 0.773800
0.186774 0.773312
0.185972 0.772816
0.185170 0.772314
0.184369 0.771805
0.183567 0.771290
0.182766 0.770766
0.181964 0.770236
0.181162 0.769699
0.180361 0.769153
0.179559 0.768600
0.178758 0.768040
0.177956 0.767471
0.177154 0.766894
0.176353 0.766309
0.175551 0.765715
0.174749 0.765113
0.173948 0.764502
0.173146 0.763882
0.172345 0.763253
0.171543 0.762615
0.170741 0.761967
0.169940 0.761310
0.169138 0.760642
0.168337 0.759965
0.167535 0.759277
0.166733 0.758579
0.165932 0.757870
0.165130 0.757150
0.164329 0.756419
0.163527 0.755676
0.162725 0.754922
0.161924 0.754156
0.161122 0.753378
0.160321 0.752587
0.159519 0.751784
0.158717 0.750968
0.157916 0.750138
0.157114 0.749295
0.156313 0.748439
0.155511 0.747568
0.154709 0.746683
0.153908 0.745782
0.153106 0.744867
0.152305 0.743937
0.151503 0.742990
0.150701 0.742027
0.149900 0.741048
0.149098 0.740052
0.148297 0.739038
0.147495 0.738007
0.146693 0.736958
0.145892 0.735889
0.145090 0.734802
0.144289 0.733695
0.143487 0.732568
0.142685 0.731420
0.141884 0.730251
0.141082 0.729061
0.140281 0.727848
0.139479 0.726613
0.138677 0.725354
0.137876 0.724070
0.137074 0.722763
0.136273 0.721429
0.135471 0.720070
0.134669 0.718684
0.133868 0.717270
0.133066 0.715827
0.132265 0.714356
0.131463 0.712854
0.130661 0.711322
0.129860 0.709757
0.129058 0.708160
0.128257 0.706528
0.127455 0.704862
0.126653 0.703159
0.125852 0.701419
0.125050 0.699641
0.124248 0.697823
0.123447 0.695964
0.122645 0.694063
0.121844 0.692117
0.121042 0.690126
0.120240 0.688088
0.119439 0.686001
0.118637 0.683863
0.117836 0.681673
0.117034 0.679428
0.116232 0.677126
0.115431 0.674765
0.114629 0.672343
0.113828 0.669857
0.113026 0.667304
0.112224 0.664682
0.111423 0.661987
0.110621 0.659221
0.109820 0.656375
0.109018 0.653443
0.108216 0.650418
0.107415 0.647307
0.106613 0.644098
0.105812 0.640789
0.105010 0.637367
0.104208 0.633837
0.103407 0.630187
0.102605 0.626410
0.101804 0.622493
0.101002 0.618437
0.100200 0.614227
0.099399 0.609847
0.098597 0.605295
0.097796 0.600553
0.096994 0.595599
0.096192 0.590427
0.095391 0.585003
0.094589 0.579311
0.093788 0.573330
0.092986 0.567012
0.092184 0.560326
0.091383 0.553222
0.090581 0.545640
0.089780 0.537497
0.088978 0.528700
0.088176 0.519116
0.087375 0.508549
0.086573 0.496725
0.085772 0.483178
0.084970 0.467068
0.084168 0.446525
0.083367 0.414141
