0.400000 0.838796
0.399198 0.838263
0.398397 0.837729
0.397595 0.837191
0.396794 0.836651
0.395992 0.836108
0.395190 0.835562
0.394389 0.835014
0.393587 0.834462
0.392786 0.833908
0.391984 0.833351
0.391182 0.832791
0.390381 0.832228
0.389579 0.831663
0.388778 0.831094
0.387976 0.830522
0.387174 0.829948
0.386373 0.829370
0.385571 0.828789
0.384770 0.828206
0.383968 0.827619
0.383166 0.827029
0.382365 0.826436
0.381563 0.825840
0.380762 0.825241
0.379960 0.824639
0.379158 0.824033
0.378357 0.823425
0.377555 0.822813
0.376754 0.822198
0.375952 0.821579
0.375150 0.820957
0.374349 0.820332
0.373547 0.819704
0.372745 0.819072
0.371944 0.818436
0.371142 0.817798
0.370341 0.817156
0.369539 0.816510
0.368737 0.815861
0.367936 0.815208
0.367134 0.814552
0.366333 0.813892
0.365531 0.813229
0.364729 0.812560
0.363928 0.811890
0.363126 0.811215
0.362325 0.810537
0.361523 0.809855
0.360721 0.809170
0.359920 0.808480
0.359118 0.807787
0.358317 0.807090
0.357515 0.806389
0.356713 0.805684
0.355912 0.804975
0.355110 0.804262
0.354309 0.803545
0.353507 0.802825
0.352705 0.802100
0.351904 0.801371
0.351102 0.800637
0.350301 0.799900
0.349499 0.799159
0.348697 0.798413
0.347896 0.797663
0.347094 0.796909
0.346293 0.796150
0.345491 0.795387
0.344689 0.794620
0.343888 0.793848
0.343086 0.793072
0.342285 0.792291
0.341483 0.791506
0.340681 0.790716
0.339880 0.789922
0.339078 0.789123
0.338277 0.788319
0.337475 0.787511
0.336673 0.786698
0.335872 0.785880
0.335070 0.785057
0.334269 0.784229
0.333467 0.783397
0.332665 0.782560
0.331864 0.781717
0.331062 0.780870
0.330261 0.780017
0.329459 0.779160
0.328657 0.778297
0.327856 0.777429
0.327054 0.776556
0.326253 0.775678
0.325451 0.774794
0.324649 0.773905
0.323848 0.773011
0.323046 0.772111
0.322244 0.771205
0.321443 0.770295
0.320641 0.769378
0.319840 0.768456
0.319038 0.767528
0.318236 0.766595
0.317435 0.765656
0.316633 0.764711
0.315832 0.763760
0.315030 0.762803
0.314228 0.761840
0.313427 0.760872
0.312625 0.759897
0.311824 0.758916
0.311022 0.757929
0.310220 0.756935
0.309419 0.755936
0.308617 0.754930
0.307816 0.753918
0.307014 0.752899
0.306212 0.751874
0.305411 0.750842
0.304609 0.749804
0.303808 0.748759
0.303006 0.747707
0.302204 0.746649
0.301403 0.745583
0.300601 0.744511
0.299800 0.743432
0.298998 0.742346
0.298196 0.741253
0.297395 0.740152
0.296593 0.739045
0.295792 0.737930
0.294990 0.736808
0.294188 0.735676
0.293387 0.734539
0.292585 0.733394
0.291784 0.732242
0.290982 0.731082
0.290180 0.729914
0.289379 0.728739
0.288577 0.727556
0.287776 0.726364
0.286974 0.725165
0.286172 0.723958
0.285371 0.722742
0.284569 0.721518
0.283768 0.720286
0.282966 0.719046
0.282164 0.717797
0.281363 0.716539
0.280561 0.715273
0.279760 0.713998
0.278958 0.712715
0.278156 0.711422
0.277355 0.710121
0.276553 0.708810
0.275752 0.707490
0.274950 0.706161
0.274148 0.704823
0.273347 0.703476
0.272545 0.702118
0.271743 0.700752
0.270942 0.699375
0.270140 0.697989
0.269339 0.696593
0.268537 0.695187
0.267735 0.693771
0.266934 0.692345
0.266132 0.690909
0.265331 0.689462
0.264529 0.688005
0.263727 0.686537
0.262926 0.685059
0.262124 0.683570
0.261323 0.682070
0.260521 0.680559
0.259719 0.679037
0.258918 0.677503
0.258116 0.675959
0.257315 0.674403
0.256513 0.672835
0.255711 0.671256
0.254910 0.669665
0.254108 0.668062
0.253307 0.666447
0.252505 0.664816
0.251703 0.663177
0.250902 0.661525
0.250100 0.659861
0.249299 0.658184
0.248497 0.656494
0.247695 0.654791
0.246894 0.653076
0.246092 0.651347
0.245291 0.649605
0.244489 0.647849
0.243687 0.646079
0.242886 0.644296
0.242084 0.642499
0.241283 0.640688
0.240481 0.638863
0.239679 0.637024
0.238878 0.635169
0.238076 0.633301
0.237275 0.631417
0.236473 0.629519
0.235671 0.627605
0.234870 0.625676
0.234068 0.623731
0.233267 0.621771
0.232465 0.619795
0.231663 0.617803
0.230862 0.615795
0.230060 0.613770
0.229259 0.611729
0.228457 0.609672
0.227655 0.607597
0.226854 0.605505
0.226052 0.603391
0.225251 0.601265
0.224449 0.599120
0.223647 0.596958
0.222846 0.594777
0.222044 0.592579
0.221242 0.590361
0.220441 0.588125
0.219639 0.585870
0.218838 0.583596
0.218036 0.581303
0.217234 0.578989
0.216433 0.576656
0.215631 0.574303
0.214830 0.571930
0.214028 0.569536
0.213226 0.567121
0.212425 0.564685
0.211623 0.562228
0.210822 0.559749
0.210020 0.557243
0.209218 0.554720
0.208417 0.552175
0.207615 0.549607
0.206814 0.547016
0.206012 0.544402
0.205210 0.541764
0.204409 0.539102
0.203607 0.536417
0.202806 0.533707
0.202004 0.530972
0.201202 0.528213
0.200401 0.525428
0.199599 0.522617
0.198798 0.519781
0.197996 0.516913
0.197194 0.514023
0.196393 0.511106
0.195591 0.508162
0.194790 0.505191
0.193988 0.502191
0.193186 0.499163
0.192385 0.496106
0.191583 0.493020
0.190782 0.489904
0.189980 0.486759
0.189178 0.483583
0.188377 0.480371
0.187575 0.477133
0.186774 0.473863
0.185972 0.470562
0.185170 0.467228
0.184369 0.463861
0.183567 0.460461
0.182766 0.457027
0.181964 0.453559
0.181162 0.450056
0.180361 0.446512
0.179559 0.442938
0.178758 0.439328
0.177956 0.435681
0.177154 0.431996
0.176353 0.428275
0.175551 0.424515
0.174749 0.420716
0.173948 0.416871
0.173146 0.412992
0.172345 0.409073
0.171543 0.405113
0.170741 0.401111
0.169940 0.397067
0.169138 0.392973
0.168337 0.388842
0.167535 0.384666
0.166733 0.380446
0.165932 0.376180
0.165130 0.371868
0.164329 0.367502
0.163527 0.363095
0.162725 0.358640
0.161924 0.354135
0.161122 0.349574
0.160321 0.344969
0.159519 0.340312
0.158717 0.335603
0.157916 0.330834
0.157114 0.326017
0.156313 0.321146
0.155511 0.316219
0.154709 0.311229
0.153908 0.306188
0.153106 0.301089
0.152305 0.295923
0.151503 0.290704
0.150701 0.285424
0.149900 0.280074
0.149098 0.274668
0.148297 0.269190
0.147495 0.263654
0.146693 0.258052
0.145892 0.252374
0.145090 0.246628
0.144289 0.240819
0.143487 0.234932
0.142685 0.228979
0.141884 0.222945
0.141082 0.216837
0.140281 0.210660
0.139479 0.204398
0.138677 0.198057
0.137876 0.191636
0.137074 0.185133
0.136273 0.178548
0.135471 0.171878
0.134669 0.165122
0.133868 0.158279
0.133066 0.151339
0.132265 0.144317
0.131463 0.137195
0.130661 0.129980
0.129860 0.122671
0.129058 0.115265
0.128257 0.107754
0.127455 0.100145
0.126653 0.092436
0.125852 0.084618
0.125050 0.076692
0.124248 0.068658
0.123447 0.060518
0.122645 0.052276
0.121844 0.043915
0.121042 0.035462
0.120240 0.026928
0.119439 0.018356
0.118637 0.009968
0.117836 0.003227
0.117034 0.001050
