0.400000 0.864092
0.399198 0.864051
0.398397 0.864010
0.397595 0.863969
0.396794 0.863927
0.395992 0.863885
0.395190 0.863843
0.394389 0.863801
0.393587 0.863758
0.392786 0.863715
0.391984 0.863672
0.391182 0.863629
0.390381 0.863585
0.389579 0.863541
0.388778 0.863497
0.387976 0.863453
0.387174 0.863408
0.386373 0.863363
0.385571 0.863318
0.384770 0.863272
0.383968 0.863227
0.383166 0.863181
0.382365 0.863134
0.381563 0.863088
0.380762 0.863041
0.379960 0.862994
0.379158 0.862946
0.378357 0.862898
0.377555 0.862850
0.376754 0.862802
0.375952 0.862753
0.375150 0.862704
0.374349 0.862655
0.373547 0.862605
0.372745 0.862555
0.371944 0.862505
0.371142 0.862454
0.370341 0.862403
0.369539 0.862352
0.368737 0.862300
0.367936 0.862248
0.367134 0.862196
0.366333 0.862143
0.365531 0.862090
0.364729 0.862036
0.363928 0.861983
0.363126 0.861929
0.362325 0.861874
0.361523 0.861819
0.360721 0.861764
0.359920 0.861708
0.359118 0.861652
0.358317 0.861596
0.357515 0.861539
0.356713 0.861482
0.355912 0.861424
0.355110 0.861366
0.354309 0.861308
0.353507 0.861249
0.352705 0.861189
0.351904 0.861130
0.351102 0.861070
0.350301 0.861009
0.349499 0.860948
0.348697 0.860887
0.347896 0.860825
0.347094 0.860762
0.346293 0.860699
0.345491 0.860636
0.344689 0.860572
0.343888 0.860508
0.343086 0.860443
0.342285 0.860378
0.341483 0.860313
0.340681 0.860246
0.339880 0.860180
0.339078 0.860112
0.338277 0.860045
0.337475 0.859977
0.336673 0.859908
0.335872 0.859839
0.335070 0.859769
0.334269 0.859698
0.333467 0.859627
0.332665 0.859556
0.331864 0.859484
0.331062 0.859411
0.330261 0.859338
0.329459 0.859265
0.328657 0.859190
0.327856 0.859115
0.327054 0.859040
0.326253 0.858964
0.325451 0.858887
0.324649 0.858810
0.323848 0.858732
0.323046 0.858653
0.322244 0.858574
0.321443 0.858494
0.320641 0.858413
0.319840 0.858332
0.319038 0.858250
0.318236 0.858168
0.317435 0.858085
0.316633 0.858001
0.315832 0.857916
0.315030 0.857831
0.314228 0.857745
0.313427 0.857658
0.312625 0.857570
0.311824 0.857482
0.311022 0.857393
0.310220 0.857303
0.309419 0.857213
0.308617 0.857122
0.307816 0.857029
0.307014 0.856937
0.306212 0.856843
0.305411 0.856748
0.304609 0.856653
0.303808 0.856557
0.303006 0.856460
0.302204 0.856362
0.301403 0.856263
0.300601 0.856164
0.299800 0.856063
0.298998 0.855962
0.298196 0.855860
0.297395 0.855757
0.296593 0.855653
0.295792 0.855548
0.294990 0.855442
0.294188 0.855335
0.293387 0.855227
0.292585 0.855118
0.291784 0.855008
0.290982 0.854898
0.290180 0.854786
0.289379 0.854673
0.288577 0.854559
0.287776 0.854444
0.286974 0.854328
0.286172 0.854211
0.285371 0.854093
0.284569 0.853974
0.283768 0.853853
0.282966 0.853732
0.282164 0.853609
0.281363 0.853485
0.280561 0.853360
0.279760 0.853234
0.278958 0.853107
0.278156 0.852978
0.277355 0.852849
0.276553 0.852718
0.275752 0.852585
0.274950 0.852452
0.274148 0.852317
0.273347 0.852181
0.272545 0.852043
0.271743 0.851905
0.270942 0.851765
0.270140 0.851623
0.269339 0.851480
0.268537 0.851336
0.267735 0.851190
0.266934 0.851043
0.266132 0.850895
0.265331 0.850745
0.264529 0.850593
0.263727 0.850440
0.262926 0.850286
0.262124 0.850130
0.261323 0.849972
0.260521 0.849813
0.259719 0.849652
0.258918 0.849490
0.258116 0.849326
0.257315 0.849160
0.256513 0.848993
0.255711 0.848824
0.254910 0.848653
0.254108 0.848480
0.253307 0.848306
0.252505 0.848130
0.251703 0.847952
0.250902 0.847772
0.250100 0.847590
0.249299 0.847407
0.248497 0.847221
0.247695 0.847034
0.246894 0.846845
0.246092 0.846653
0.245291 0.846460
0.244489 0.846265
0.243687 0.846067
0.242886 0.845868
0.242084 0.845666
0.241283 0.845462
0.240481 0.845256
0.239679 0.845048
0.238878 0.844838
0.238076 0.844625
0.237275 0.844410
0.236473 0.844193
0.235671 0.843974
0.234870 0.843752
0.234068 0.843527
0.233267 0.843300
0.232465 0.843071
0.231663 0.842839
0.230862 0.842605
0.230060 0.842368
0.229259 0.842128
0.228457 0.841886
0.227655 0.841641
0.226854 0.841393
0.226052 0.841143
0.225251 0.840890
0.224449 0.840633
0.223647 0.840375
0.222846 0.840113
0.222044 0.839848
0.221242 0.839580
0.220441 0.839309
0.219639 0.839035
0.218838 0.838758
0.218036 0.838478
0.217234 0.838194
0.216433 0.837908
0.215631 0.837618
0.214830 0.837324
0.214028 0.837027
0.213226 0.836727
0.212425 0.836423
0.211623 0.836116
0.210822 0.835805
0.210020 0.835490
0.209218 0.835172
0.208417 0.834850
0.207615 0.834524
0.206814 0.834194
0.206012 0.833860
0.205210 0.833522
0.204409 0.833180
0.203607 0.832834
0.202806 0.832484
0.202004 0.832130
0.201202 0.831771
0.200401 0.831408
0.199599 0.831040
0.198798 0.830668
0.197996 0.830292
0.197194 0.829910
0.196393 0.829524
0.195591 0.829133
0.194790 0.828738
0.193988 0.828337
0.193186 0.827931
0.192385 0.827520
0.191583 0.827104
0.190782 0.826683
0.189980 0.826256
0.189178 0.825824
0.188377 0.825386
0.187575 0.824943
0.186774 0.824494
0.185972 0.824039
0.185170 0.823578
0.184369 0.823112
0.183567 0.822639
0.182766 0.822160
0.181964 0.821674
0.181162 0.821182
0.180361 0.820684
0.179559 0.820179
0.178758 0.819667
0.177956 0.819149
0.177154 0.818623
0.176353 0.818090
0.175551 0.817550
0.174749 0.817003
0.173948 0.816448
0.173146 0.815885
0.172345 0.815315
0.171543 0.814737
0.170741 0.814151
0.169940 0.813557
0.169138 0.812954
0.168337 0.812343
0.167535 0.811723
0.166733 0.811094
0.165932 0.810456
0.165130 0.809809
0.164329 0.809153
0.163527 0.808488
0.162725 0.807812
0.161924 0.807127
0.161122 0.806432
0.160321 0.805726
0.159519 0.805010
0.158717 0.804284
0.157916 0.803546
0.157114 0.802798
0.156313 0.802038
0.155511 0.801267
0.154709 0.800484
0.153908 0.799689
0.153106 0.798881
0.152305 0.798062
0.151503 0.797229
0.150701 0.796383
0.149900 0.795524
0.149098 0.794652
0.148297 0.793765
0.147495 0.792865
0.146693 0.791950
0.145892 0.791020
0.145090 0.790075
0.144289 0.789114
0.143487 0.788138
0.142685 0.787146
0.141884 0.786137
0.141082 0.785111
0.140281 0.784068
0.139479 0.783007
0.138677 0.781928
0.137876 0.780830
0.137074 0.779714
0.136273 0.778578
0.135471 0.777422
0.134669 0.776245
0.133868 0.775048
0.133066 0.773829
0.132265 0.772589
0.131463 0.771325
0.130661 0.770039
0.129860 0.768729
0.129058 0.767395
0.128257 0.766036
0.127455 0.764651
0.126653 0.763239
0.125852 0.761801
0.125050 0.760335
0.124248 0.758841
0.123447 0.757317
0.122645 0.755762
0.121844 0.754177
0.121042 0.752560
0.120240 0.750910
0.119439 0.749226
0.118637 0.747508
0.117836 0.745753
0.117034 0.743962
0.116232 0.742132
0.115431 0.740263
0.114629 0.738353
0.113828 0.736401
0.113026 0.734406
0.112224 0.732366
0.111423 0.730280
0.110621 0.728146
0.109820 0.725962
0.109018 0.723728
0.108216 0.721440
0.107415 0.719097
0.106613 0.716697
0.105812 0.714238
0.105010 0.711717
0.104208 0.709132
0.103407 0.706481
0.102605 0.703761
0.101804 0.700970
0.101002 0.698103
0.100200 0.695158
0.099399 0.692132
0.098597 0.689020
0.097796 0.685820
0.096994 0.682526
0.096192 0.679135
0.095391 0.675641
0.094589 0.672040
0.093788 0.668326
0.092986 0.664493
0.092184 0.660534
0.091383 0.656443
0.090581 0.652212
0.089780 0.647833
0.088978 0.643296
0.088176 0.638591
0.087375 0.633708
0.086573 0.628634
0.085772 0.623355
0.084970 0.617857
0.084168 0.612121
0.083367 0.606129
0.082565 0.599859
0.081764 0.593285
0.080962 0.586377
0.080160 0.579103
0.079359 0.571440
0.078557 0.563302
0.077756 0.554650
0.076954 0.545412
0.076152 0.535500
0.075351 0.524787
0.074549 0.513128
0.073747 0.500310
0.072946 0.486009
0.072144 0.469760
0.071343 0.450718
0.070541 0.427207
0.069739 0.394399
