0.147505 nan
0.148011 nan
0.148517 nan
0.149023 nan
0.149529 nan
0.150035 nan
0.150541 nan
0.151047 nan
0.151553 nan
0.152059 nan
0.152565 nan
0.153071 nan
0.153577 nan
0.154083 nan
0.154589 nan
0.155095 nan
0.155601 nan
0.156107 nan
0.156613 nan
0.157119 nan
0.157625 nan
0.158131 nan
0.158637 nan
0.159143 nan
0.159649 nan
0.160155 nan
0.160661 nan
0.161167 nan
0.161672 nan
0.162178 nan
0.162684 nan
0.163190 nan
0.163696 nan
0.164202 nan
0.164708 nan
0.165214 nan
0.165720 nan
0.166226 nan
0.166732 nan
0.167238 nan
0.167744 nan
0.168250 nan
0.168756 nan
0.169262 nan
0.169768 nan
0.170274 nan
0.170780 nan
0.171286 nan
0.171792 nan
0.172298 nan
0.172804 nan
0.173310 nan
0.173816 nan
0.174322 nan
0.174828 nan
0.175334 nan
0.175840 nan
0.176346 nan
0.176852 nan
0.177358 nan
0.177864 nan
0.178370 nan
0.178876 nan
0.179382 nan
0.179888 nan
0.180394 nan
0.180900 nan
0.181406 nan
0.181912 nan
0.182418 nan
0.182924 nan
0.183430 nan
0.183936 nan
0.184442 nan
0.184948 nan
0.185454 nan
0.185960 nan
0.186466 nan
0.186972 nan
0.187478 nan
0.187984 nan
0.188490 nan
0.188996 nan
0.189501 nan
0.190007 nan
0.190513 nan
0.191019 nan
0.191525 nan
0.192031 nan
0.192537 nan
0.193043 nan
0.193549 nan
0.194055 nan
0.194561 nan
0.195067 nan
0.195573 nan
0.196079 nan
0.196585 nan
0.197091 nan
0.197597 nan
0.198103 nan
0.198609 nan
0.199115 nan
0.199621 nan
0.200127 nan
0.200633 nan
0.201139 nan
0.201645 nan
0.202151 nan
0.202657 nan
0.203163 nan
0.203669 nan
0.204175 nan
0.204681 nan
0.205187 nan
0.205693 nan
0.206199 nan
0.206705 nan
0.207211 nan
0.207717 nan
0.208223 nan
0.208729 nan
0.209235 nan
0.209741 nan
0.210247 nan
0.210753 nan
0.211259 nan
0.211765 nan
0.212271 nan
0.212777 nan
0.213283 nan
0.213789 nan
0.214295 nan
0.214801 nan
0.215307 nan
0.215813 nan
0.216319 nan
0.216825 nan
0.217331 nan
0.217836 nan
0.218342 nan
0.218848 nan
0.219354 nan
0.219860 nan
0.220366 nan
0.220872 nan
0.221378 nan
0.221884 nan
0.222390 nan
0.222896 nan
0.223402 nan
0.223908 nan
0.224414 nan
0.224920 nan
0.225426 nan
0.225932 nan
0.226438 nan
0.226944 nan
0.227450 nan
0.227956 nan
0.228462 nan
0.228968 nan
0.229474 nan
0.229980 nan
0.230486 nan
0.230992 nan
0.231498 nan
0.232004 nan
0.232510 nan
0.233016 nan
0.233522 nan
0.234028 nan
0.234534 nan
0.235040 nan
0.235546 nan
0.236052 nan
0.236558 nan
0.237064 nan
0.237570 nan
0.238076 nan
0.238582 nan
0.239088 nan
0.239594 nan
0.240100 nan
0.240606 nan
0.241112 nan
0.241618 nan
0.242124 nan
0.242630 nan
0.243136 nan
0.243642 nan
0.244148 nan
0.244654 nan
0.245160 nan
0.245665 nan
0.246171 nan
0.246677 nan
0.247183 nan
0.247689 nan
0.248195 nan
0.248701 nan
0.249207 nan
0.249713 nan
0.250219 nan
0.250725 nan
0.251231 nan
0.251737 nan
0.252243 nan
0.252749 nan
0.253255 nan
0.253761 nan
0.254267 nan
0.254773 nan
0.255279 nan
0.255785 nan
0.256291 nan
0.256797 nan
0.257303 nan
0.257809 nan
0.258315 nan
0.258821 nan
0.259327 nan
0.259833 nan
0.260339 nan
0.260845 nan
0.261351 nan
0.261857 nan
0.262363 nan
0.262869 nan
0.263375 nan
0.263881 nan
0.264387 nan
0.264893 nan
0.265399 nan
0.265905 nan
0.266411 nan
0.266917 nan
0.267423 nan
0.267929 nan
0.268435 nan
0.268941 nan
0.269447 nan
0.269953 nan
0.270459 nan
0.270965 nan
0.271471 nan
0.271977 nan
0.272483 nan
0.272989 nan
0.273495 nan
0.274000 nan
0.274506 nan
0.275012 nan
0.275518 nan
0.276024 nan
0.276530 nan
0.277036 nan
0.277542 nan
0.278048 nan
0.278554 nan
0.279060 nan
0.279566 nan
0.280072 nan
0.280578 nan
0.281084 nan
0.281590 nan
0.282096 nan
0.282602 nan
0.283108 nan
0.283614 nan
0.284120 nan
0.284626 nan
0.285132 nan
0.285638 nan
0.286144 nan
0.286650 nan
0.287156 nan
0.287662 nan
0.288168 nan
0.288674 nan
0.289180 nan
0.289686 nan
0.290192 nan
0.290698 nan
0.291204 nan
0.291710 nan
0.292216 nan
0.292722 nan
0.293228 nan
0.293734 nan
0.294240 nan
0.294746 nan
0.295252 nan
0.295758 nan
0.296264 nan
0.296770 nan
0.297276 nan
0.297782 nan
0.298288 nan
0.298794 nan
0.299300 nan
0.299806 nan
0.300312 nan
0.300818 nan
0.301324 nan
0.301829 nan
0.302335 nan
0.302841 nan
0.303347 nan
0.303853 nan
0.304359 nan
0.304865 nan
0.305371 nan
0.305877 nan
0.306383 nan
0.306889 nan
0.307395 nan
0.307901 nan
0.308407 nan
0.308913 nan
0.309419 nan
0.309925 nan
0.310431 nan
0.310937 nan
0.311443 nan
0.311949 nan
0.312455 nan
0.312961 nan
0.313467 nan
0.313973 nan
0.314479 nan
0.314985 nan
0.315491 nan
0.315997 nan
0.316503 nan
0.317009 nan
0.317515 nan
0.318021 nan
0.318527 nan
0.319033 nan
0.319539 nan
0.320045 nan
0.320551 nan
0.321057 nan
0.321563 nan
0.322069 nan
0.322575 nan
0.323081 nan
0.323587 nan
0.324093 nan
0.324599 nan
0.325105 nan
0.325611 nan
0.326117 nan
0.326623 nan
0.327129 nan
0.327635 nan
0.328141 nan
0.328647 nan
0.329153 nan
0.329659 nan
0.330164 nan
0.330670 nan
0.331176 nan
0.331682 nan
0.332188 nan
0.332694 nan
0.333200 nan
0.333706 nan
0.334212 nan
0.334718 nan
0.335224 nan
0.335730 nan
0.336236 nan
0.336742 nan
0.337248 nan
0.337754 nan
0.338260 nan
0.338766 nan
0.339272 nan
0.339778 nan
0.340284 nan
0.340790 nan
0.341296 nan
0.341802 nan
0.342308 nan
0.342814 nan
0.343320 nan
0.343826 nan
0.344332 nan
0.344838 nan
0.345344 nan
0.345850 nan
0.346356 nan
0.346862 nan
0.347368 nan
0.347874 nan
0.348380 nan
0.348886 nan
0.349392 nan
0.349898 nan
0.350404 nan
0.350910 nan
0.351416 nan
0.351922 nan
0.352428 nan
0.352934 nan
0.353440 nan
0.353946 nan
0.354452 nan
0.354958 nan
0.355464 nan
0.355970 nan
0.356476 nan
0.356982 nan
0.357488 nan
0.357993 nan
0.358499 nan
0.359005 nan
0.359511 nan
0.360017 nan
0.360523 nan
0.361029 nan
0.361535 nan
0.362041 nan
0.362547 nan
0.363053 nan
0.363559 nan
0.364065 nan
0.364571 nan
0.365077 nan
0.365583 nan
0.366089 nan
0.366595 nan
0.367101 nan
0.367607 nan
0.368113 nan
0.368619 nan
0.369125 nan
0.369631 nan
0.370137 nan
0.370643 nan
0.371149 nan
0.371655 nan
0.372161 nan
0.372667 nan
0.373173 nan
0.373679 nan
0.374185 nan
0.374691 nan
0.375197 nan
0.375703 nan
0.376209 nan
0.376715 nan
0.377221 nan
0.377727 nan
0.378233 nan
0.378739 nan
0.379245 nan
0.379751 nan
0.380257 nan
0.380763 nan
0.381269 nan
0.381775 nan
0.382281 nan
0.382787 nan
0.383293 nan
0.383799 nan
0.384305 nan
0.384811 nan
0.385317 nan
0.385823 nan
0.386328 nan
0.386834 nan
0.387340 nan
0.387846 nan
0.388352 nan
0.388858 nan
0.389364 nan
0.389870 nan
0.390376 nan
0.390882 nan
0.391388 nan
0.391894 nan
0.392400 nan
0.392906 nan
0.393412 nan
0.393918 nan
0.394424 nan
0.394930 nan
0.395436 nan
0.395942 nan
0.396448 nan
0.396954 nan
0.397460 nan
0.397966 nan
0.398472 nan
0.398978 nan
0.399484 nan
0.399990 nan
