0.162735 nan
0.163211 nan
0.163686 nan
0.164162 nan
0.164637 nan
0.165113 nan
0.165588 nan
0.166064 nan
0.166539 nan
0.167015 nan
0.167490 nan
0.167966 nan
0.168441 nan
0.168916 nan
0.169392 nan
0.169867 nan
0.170343 nan
0.170818 nan
0.171294 nan
0.171769 nan
0.172245 nan
0.172720 nan
0.173196 nan
0.173671 nan
0.174146 nan
0.174622 nan
0.175097 nan
0.175573 nan
0.176048 nan
0.176524 nan
0.176999 nan
0.177475 nan
0.177950 nan
0.178426 nan
0.178901 nan
0.179377 nan
0.179852 nan
0.180327 nan
0.180803 nan
0.181278 nan
0.181754 nan
0.182229 nan
0.182705 nan
0.183180 nan
0.183656 nan
0.184131 nan
0.184607 nan
0.185082 nan
0.185558 nan
0.186033 nan
0.186508 nan
0.186984 nan
0.187459 nan
0.187935 nan
0.188410 nan
0.188886 nan
0.189361 nan
0.189837 nan
0.190312 nan
0.190788 nan
0.191263 nan
0.191739 nan
0.192214 nan
0.192689 nan
0.193165 nan
0.193640 nan
0.194116 nan
0.194591 nan
0.195067 nan
0.195542 nan
0.196018 nan
0.196493 nan
0.196969 nan
0.197444 nan
0.197919 nan
0.198395 nan
0.198870 nan
0.199346 nan
0.199821 nan
0.200297 nan
0.200772 nan
0.201248 nan
0.201723 nan
0.202199 nan
0.202674 nan
0.203150 nan
0.203625 nan
0.204100 nan
0.204576 nan
0.205051 nan
0.205527 nan
0.206002 nan
0.206478 nan
0.206953 nan
0.207429 nan
0.207904 nan
0.208380 nan
0.208855 nan
0.209331 nan
0.209806 nan
0.210281 nan
0.210757 nan
0.211232 nan
0.211708 nan
0.212183 nan
0.212659 nan
0.213134 nan
0.213610 nan
0.214085 nan
0.214561 nan
0.215036 nan
0.215512 nan
0.215987 nan
0.216462 nan
0.216938 nan
0.217413 nan
0.217889 nan
0.218364 nan
0.218840 nan
0.219315 nan
0.219791 nan
0.220266 nan
0.220742 nan
0.221217 nan
0.221692 nan
0.222168 nan
0.222643 nan
0.223119 nan
0.223594 nan
0.224070 nan
0.224545 nan
0.225021 nan
0.225496 nan
0.225972 nan
0.226447 nan
0.226923 nan
0.227398 nan
0.227873 nan
0.228349 nan
0.228824 nan
0.229300 nan
0.229775 nan
0.230251 nan
0.230726 nan
0.231202 nan
0.231677 nan
0.232153 nan
0.232628 nan
0.233104 nan
0.233579 nan
0.234054 nan
0.234530 nan
0.235005 nan
0.235481 nan
0.235956 nan
0.236432 nan
0.236907 nan
0.237383 nan
0.237858 nan
0.238334 nan
0.238809 nan
0.239285 nan
0.239760 nan
0.240235 nan
0.240711 nan
0.241186 nan
0.241662 nan
0.242137 nan
0.242613 nan
0.243088 nan
0.243564 nan
0.244039 nan
0.244515 nan
0.244990 nan
0.245465 nan
0.245941 nan
0.246416 nan
0.246892 nan
0.247367 nan
0.247843 nan
0.248318 nan
0.248794 nan
0.249269 nan
0.249745 nan
0.250220 nan
0.250696 nan
0.251171 nan
0.251646 nan
0.252122 nan
0.252597 nan
0.253073 nan
0.253548 nan
0.254024 nan
0.254499 nan
0.254975 nan
0.255450 nan
0.255926 nan
0.256401 nan
0.256877 nan
0.257352 nan
0.257827 nan
0.258303 nan
0.258778 nan
0.259254 nan
0.259729 nan
0.260205 nan
0.260680 nan
0.261156 nan
0.261631 nan
0.262107 nan
0.262582 nan
0.263058 nan
0.263533 nan
0.264008 nan
0.264484 nan
0.264959 nan
0.265435 nan
0.265910 nan
0.266386 nan
0.266861 nan
0.267337 nan
0.267812 nan
0.268288 nan
0.268763 nan
0.269238 nan
0.269714 nan
0.270189 nan
0.270665 nan
0.271140 nan
0.271616 nan
0.272091 nan
0.272567 nan
0.273042 nan
0.273518 nan
0.273993 nan
0.274469 nan
0.274944 nan
0.275419 nan
0.275895 nan
0.276370 nan
0.276846 nan
0.277321 nan
0.277797 nan
0.278272 nan
0.278748 nan
0.279223 nan
0.279699 nan
0.280174 nan
0.280650 nan
0.281125 nan
0.281600 nan
0.282076 nan
0.282551 nan
0.283027 nan
0.283502 nan
0.283978 nan
0.284453 nan
0.284929 nan
0.285404 nan
0.285880 nan
0.286355 nan
0.286831 nan
0.287306 nan
0.287781 nan
0.288257 nan
0.288732 nan
0.289208 nan
0.289683 nan
0.290159 nan
0.290634 nan
0.291110 nan
0.291585 nan
0.292061 nan
0.292536 nan
0.293011 nan
0.293487 nan
0.293962 nan
0.294438 nan
0.294913 nan
0.295389 nan
0.295864 nan
0.296340 nan
0.296815 nan
0.297291 nan
0.297766 nan
0.298242 nan
0.298717 nan
0.299192 nan
0.299668 nan
0.300143 nan
0.300619 nan
0.301094 nan
0.301570 nan
0.302045 nan
0.302521 nan
0.302996 nan
0.303472 nan
0.303947 nan
0.304423 nan
0.304898 nan
0.305373 nan
0.305849 nan
0.306324 nan
0.306800 nan
0.307275 nan
0.307751 nan
0.308226 nan
0.308702 nan
0.309177 nan
0.309653 nan
0.310128 nan
0.310604 nan
0.311079 nan
0.311554 nan
0.312030 nan
0.312505 nan
0.312981 nan
0.313456 nan
0.313932 nan
0.314407 nan
0.314883 nan
0.315358 nan
0.315834 nan
0.316309 nan
0.316784 nan
0.317260 nan
0.317735 nan
0.318211 nan
0.318686 nan
0.319162 nan
0.319637 nan
0.320113 nan
0.320588 nan
0.321064 nan
0.321539 nan
0.322015 nan
0.322490 nan
0.322965 nan
0.323441 nan
0.323916 nan
0.324392 nan
0.324867 nan
0.325343 nan
0.325818 nan
0.326294 nan
0.326769 nan
0.327245 nan
0.327720 nan
0.328196 nan
0.328671 nan
0.329146 nan
0.329622 nan
0.330097 nan
0.330573 nan
0.331048 nan
0.331524 nan
0.331999 nan
0.332475 nan
0.332950 nan
0.333426 nan
0.333901 nan
0.334377 nan
0.334852 nan
0.335327 nan
0.335803 nan
0.336278 nan
0.336754 nan
0.337229 nan
0.337705 nan
0.338180 nan
0.338656 nan
0.339131 nan
0.339607 nan
0.340082 nan
0.340557 nan
0.341033 nan
0.341508 nan
0.341984 nan
0.342459 nan
0.342935 nan
0.343410 nan
0.343886 nan
0.344361 nan
0.344837 nan
0.345312 nan
0.345788 nan
0.346263 nan
0.346738 nan
0.347214 nan
0.347689 nan
0.348165 nan
0.348640 nan
0.349116 nan
0.349591 nan
0.350067 nan
0.350542 nan
0.351018 nan
0.351493 nan
0.351969 nan
0.352444 nan
0.352919 nan
0.353395 nan
0.353870 nan
0.354346 nan
0.354821 nan
0.355297 nan
0.355772 nan
0.356248 nan
0.356723 nan
0.357199 nan
0.357674 nan
0.358150 nan
0.358625 nan
0.359100 nan
0.359576 nan
0.360051 nan
0.360527 nan
0.361002 nan
0.361478 nan
0.361953 nan
0.362429 nan
0.362904 nan
0.363380 nan
0.363855 nan
0.364330 nan
0.364806 nan
0.365281 nan
0.365757 nan
0.366232 nan
0.366708 nan
0.367183 nan
0.367659 nan
0.368134 nan
0.368610 nan
0.369085 nan
0.369561 nan
0.370036 nan
0.370511 nan
0.370987 nan
0.371462 nan
0.371938 nan
0.372413 nan
0.372889 nan
0.373364 nan
0.373840 nan
0.374315 nan
0.374791 nan
0.375266 nan
0.375742 nan
0.376217 nan
0.376692 nan
0.377168 nan
0.377643 nan
0.378119 nan
0.378594 nan
0.379070 nan
0.379545 nan
0.380021 nan
0.380496 nan
0.380972 nan
0.381447 nan
0.381923 nan
0.382398 nan
0.382873 nan
0.383349 nan
0.383824 nan
0.384300 nan
0.384775 nan
0.385251 nan
0.385726 nan
0.386202 nan
0.386677 nan
0.387153 nan
0.387628 nan
0.388103 nan
0.388579 nan
0.389054 nan
0.389530 nan
0.390005 nan
0.390481 nan
0.390956 nan
0.391432 nan
0.391907 nan
0.392383 nan
0.392858 nan
0.393334 nan
0.393809 nan
0.394284 nan
0.394760 nan
0.395235 nan
0.395711 nan
0.396186 nan
0.396662 nan
0.397137 nan
0.397613 nan
0.398088 nan
0.398564 nan
0.399039 nan
0.399515 nan
0.399990 nan
