0.179569 nan
0.180011 nan
0.180453 nan
0.180894 nan
0.181336 nan
0.181778 nan
0.182219 nan
0.182661 nan
0.183103 nan
0.183545 nan
0.183986 nan
0.184428 nan
0.184870 nan
0.185312 nan
0.185753 nan
0.186195 nan
0.186637 nan
0.187078 nan
0.187520 nan
0.187962 nan
0.188404 nan
0.188845 nan
0.189287 nan
0.189729 nan
0.190171 nan
0.190612 nan
0.191054 nan
0.191496 nan
0.191937 nan
0.192379 nan
0.192821 nan
0.193263 nan
0.193704 nan
0.194146 nan
0.194588 nan
0.195030 nan
0.195471 nan
0.195913 nan
0.196355 nan
0.196796 nan
0.197238 nan
0.197680 nan
0.198122 nan
0.198563 nan
0.199005 nan
0.199447 nan
0.199888 nan
0.200330 nan
0.200772 nan
0.201214 nan
0.201655 nan
0.202097 nan
0.202539 nan
0.202981 nan
0.203422 nan
0.203864 nan
0.204306 nan
0.204747 nan
0.205189 nan
0.205631 nan
0.206073 nan
0.206514 nan
0.206956 nan
0.207398 nan
0.207840 nan
0.208281 nan
0.208723 nan
0.209165 nan
0.209606 nan
0.210048 nan
0.210490 nan
0.210932 nan
0.211373 nan
0.211815 nan
0.212257 nan
0.212699 nan
0.213140 nan
0.213582 nan
0.214024 nan
0.214465 nan
0.214907 nan
0.215349 nan
0.215791 nan
0.216232 nan
0.216674 nan
0.217116 nan
0.217557 nan
0.217999 nan
0.218441 nan
0.218883 nan
0.219324 nan
0.219766 nan
0.220208 nan
0.220650 nan
0.221091 nan
0.221533 nan
0.221975 nan
0.222416 nan
0.222858 nan
0.223300 nan
0.223742 nan
0.224183 nan
0.224625 nan
0.225067 nan
0.225509 nan
0.225950 nan
0.226392 nan
0.226834 nan
0.227275 nan
0.227717 nan
0.228159 nan
0.228601 nan
0.229042 nan
0.229484 nan
0.229926 nan
0.230368 nan
0.230809 nan
0.231251 nan
0.231693 nan
0.232134 nan
0.232576 nan
0.233018 nan
0.233460 nan
0.233901 nan
0.234343 nan
0.234785 nan
0.235226 nan
0.235668 nan
0.236110 nan
0.236552 nan
0.236993 nan
0.237435 nan
0.237877 nan
0.238319 nan
0.238760 nan
0.239202 nan
0.239644 nan
0.240085 nan
0.240527 nan
0.240969 nan
0.241411 nan
0.241852 nan
0.242294 nan
0.242736 nan
0.243178 nan
0.243619 nan
0.244061 nan
0.244503 nan
0.244944 nan
0.245386 nan
0.245828 nan
0.246270 nan
0.246711 nan
0.247153 nan
0.247595 nan
0.248037 nan
0.248478 nan
0.248920 nan
0.249362 nan
0.249803 nan
0.250245 nan
0.250687 nan
0.251129 nan
0.251570 nan
0.252012 nan
0.252454 nan
0.252896 nan
0.253337 nan
0.253779 nan
0.254221 nan
0.254662 nan
0.255104 nan
0.255546 nan
0.255988 nan
0.256429 nan
0.256871 nan
0.257313 nan
0.257754 nan
0.258196 nan
0.258638 nan
0.259080 nan
0.259521 nan
0.259963 nan
0.260405 nan
0.260847 nan
0.261288 nan
0.261730 nan
0.262172 nan
0.262613 nan
0.263055 nan
0.263497 nan
0.263939 nan
0.264380 nan
0.264822 nan
0.265264 nan
0.265706 nan
0.266147 nan
0.266589 nan
0.267031 nan
0.267472 nan
0.267914 nan
0.268356 nan
0.268798 nan
0.269239 nan
0.269681 nan
0.270123 nan
0.270565 nan
0.271006 nan
0.271448 nan
0.271890 nan
0.272331 nan
0.272773 nan
0.273215 nan
0.273657 nan
0.274098 nan
0.274540 nan
0.274982 nan
0.275423 nan
0.275865 nan
0.276307 nan
0.276749 nan
0.277190 nan
0.277632 nan
0.278074 nan
0.278516 nan
0.278957 nan
0.279399 nan
0.279841 nan
0.280282 nan
0.280724 nan
0.281166 nan
0.281608 nan
0.282049 nan
0.282491 nan
0.282933 nan
0.283375 nan
0.283816 nan
0.284258 nan
0.284700 nan
0.285141 nan
0.285583 nan
0.286025 nan
0.286467 nan
0.286908 nan
0.287350 nan
0.287792 nan
0.288234 nan
0.288675 nan
0.289117 nan
0.289559 nan
0.290000 nan
0.290442 nan
0.290884 nan
0.291326 nan
0.291767 nan
0.292209 nan
0.292651 nan
0.293092 nan
0.293534 nan
0.293976 nan
0.294418 nan
0.294859 nan
0.295301 nan
0.295743 nan
0.296185 nan
0.296626 nan
0.297068 nan
0.297510 nan
0.297951 nan
0.298393 nan
0.298835 nan
0.299277 nan
0.299718 nan
0.300160 nan
0.300602 nan
0.301044 nan
0.301485 nan
0.301927 nan
0.302369 nan
0.302810 nan
0.303252 nan
0.303694 nan
0.304136 nan
0.304577 nan
0.305019 nan
0.305461 nan
0.305903 nan
0.306344 nan
0.306786 nan
0.307228 nan
0.307669 nan
0.308111 nan
0.308553 nan
0.308995 nan
0.309436 nan
0.309878 nan
0.310320 nan
0.310762 nan
0.311203 nan
0.311645 nan
0.312087 nan
0.312528 nan
0.312970 nan
0.313412 nan
0.313854 nan
0.314295 nan
0.314737 nan
0.315179 nan
0.315620 nan
0.316062 nan
0.316504 nan
0.316946 nan
0.317387 nan
0.317829 nan
0.318271 nan
0.318713 nan
0.319154 nan
0.319596 nan
0.320038 nan
0.320479 nan
0.320921 nan
0.321363 nan
0.321805 nan
0.322246 nan
0.322688 nan
0.323130 nan
0.323572 nan
0.324013 nan
0.324455 nan
0.324897 nan
0.325338 nan
0.325780 nan
0.326222 nan
0.326664 nan
0.327105 nan
0.327547 nan
0.327989 nan
0.328431 nan
0.328872 nan
0.329314 nan
0.329756 nan
0.330197 nan
0.330639 nan
0.331081 nan
0.331523 nan
0.331964 nan
0.332406 nan
0.332848 nan
0.333289 nan
0.333731 nan
0.334173 nan
0.334615 nan
0.335056 nan
0.335498 nan
0.335940 nan
0.336382 nan
0.336823 nan
0.337265 nan
0.337707 nan
0.338148 nan
0.338590 nan
0.339032 nan
0.339474 nan
0.339915 nan
0.340357 nan
0.340799 nan
0.341241 nan
0.341682 nan
0.342124 nan
0.342566 nan
0.343007 nan
0.343449 nan
0.343891 nan
0.344333 nan
0.344774 nan
0.345216 nan
0.345658 nan
0.346100 nan
0.346541 nan
0.346983 nan
0.347425 nan
0.347866 nan
0.348308 nan
0.348750 nan
0.349192 nan
0.349633 nan
0.350075 nan
0.350517 nan
0.350959 nan
0.351400 nan
0.351842 nan
0.352284 nan
0.352725 nan
0.353167 nan
0.353609 nan
0.354051 nan
0.354492 nan
0.354934 nan
0.355376 nan
0.355817 nan
0.356259 nan
0.356701 nan
0.357143 nan
0.357584 nan
0.358026 nan
0.358468 nan
0.358910 nan
0.359351 nan
0.359793 nan
0.360235 nan
0.360676 nan
0.361118 nan
0.361560 nan
0.362002 nan
0.362443 nan
0.362885 nan
0.363327 nan
0.363769 nan
0.364210 nan
0.364652 nan
0.365094 nan
0.365535 nan
0.365977 nan
0.366419 nan
0.366861 nan
0.367302 nan
0.367744 nan
0.368186 nan
0.368628 nan
0.369069 nan
0.369511 nan
0.369953 nan
0.370394 nan
0.370836 nan
0.371278 nan
0.371720 nan
0.372161 nan
0.372603 nan
0.373045 nan
0.373486 nan
0.373928 nan
0.374370 nan
0.374812 nan
0.375253 nan
0.375695 nan
0.376137 nan
0.376579 nan
0.377020 nan
0.377462 nan
0.377904 nan
0.378345 nan
0.378787 nan
0.379229 nan
0.379671 nan
0.380112 nan
0.380554 nan
0.380996 nan
0.381438 nan
0.381879 nan
0.382321 nan
0.382763 nan
0.383204 nan
0.383646 nan
0.384088 nan
0.384530 nan
0.384971 nan
0.385413 nan
0.385855 nan
0.386297 nan
0.386738 nan
0.387180 nan
0.387622 nan
0.388063 nan
0.388505 nan
0.388947 nan
0.389389 nan
0.389830 nan
0.390272 nan
0.390714 nan
0.391155 nan
0.391597 nan
0.392039 nan
0.392481 nan
0.392922 nan
0.393364 nan
0.393806 nan
0.394248 nan
0.394689 nan
0.395131 nan
0.395573 nan
0.396014 nan
0.396456 nan
0.396898 nan
0.397340 nan
0.397781 nan
0.398223 nan
0.398665 nan
0.399107 nan
0.399548 nan
0.399990 nan
