0.161934 0.818205
0.162411 0.803356
0.162888 0.791412
0.163365 0.780917
0.163842 0.771324
0.164319 0.762359
0.164796 0.753859
0.165273 0.745719
0.165750 0.737867
0.166227 0.730251
0.166705 0.722831
0.167182 0.715575
0.167659 0.708461
0.168136 0.701468
0.168613 0.694579
0.169090 0.687782
0.169567 0.681064
0.170044 0.674416
0.170521 0.667829
0.170998 0.661296
0.171475 0.654809
0.171952 0.648363
0.172429 0.641954
0.172906 0.635575
0.173383 0.629223
0.173861 0.622895
0.174338 0.616585
0.174815 0.610292
0.175292 0.604011
0.175769 0.597741
0.176246 0.591479
0.176723 0.585222
0.177200 0.578968
0.177677 0.572715
0.178154 0.566460
0.178631 0.560203
0.179108 0.553940
0.179585 0.547671
0.180062 0.541393
0.180539 0.535106
0.181017 0.528807
0.181494 0.522495
0.181971 0.516169
0.182448 0.509828
0.182925 0.503469
0.183402 0.497092
0.183879 0.490695
0.184356 0.484278
0.184833 0.477838
0.185310 0.471376
0.185787 0.464889
0.186264 0.458377
0.186741 0.451838
0.187218 0.445272
0.187695 0.438677
0.188173 0.432052
0.188650 0.425396
0.189127 0.418709
0.189604 0.411988
0.190081 0.405234
0.190558 0.398445
0.191035 0.391620
0.191512 0.384758
0.191989 0.377858
0.192466 0.370920
0.192943 0.363941
0.193420 0.356921
0.193897 0.349860
0.194374 0.342756
0.194851 0.335607
0.195328 0.328414
0.195806 0.321175
0.196283 0.313889
0.196760 0.306555
0.197237 0.299172
0.197714 0.291740
0.198191 0.284256
0.198668 0.276720
0.199145 0.269131
0.199622 0.261488
0.200099 0.253790
0.200576 0.246036
0.201053 0.238225
0.201530 0.230355
0.202007 0.222426
0.202484 0.214436
0.202962 0.206384
0.203439 0.198270
0.203916 0.190092
0.204393 0.181849
0.204870 0.173539
0.205347 0.165163
0.205824 0.156717
0.206301 0.148202
0.206778 0.139616
0.207255 0.130958
0.207732 0.122226
0.208209 0.113420
0.208686 0.104537
0.209163 0.095577
0.209640 0.086539
0.210118 0.077421
0.210595 0.068221
0.211072 0.058939
0.211549 0.049573
0.212026 0.040121
0.212503 0.030583
0.212980 0.020956
0.213457 0.011240
0.213934 nan
0.214411 nan
0.214888 nan
0.215365 nan
0.215842 nan
0.216319 nan
0.216796 nan
0.217274 nan
0.217751 nan
0.218228 nan
0.218705 nan
0.219182 nan
0.219659 nan
0.220136 nan
0.220613 nan
0.221090 nan
0.221567 nan
0.222044 nan
0.222521 nan
0.222998 nan
0.223475 nan
0.223952 nan
0.224430 nan
0.224907 nan
0.225384 nan
0.225861 nan
0.226338 nan
0.226815 nan
0.227292 nan
0.227769 nan
0.228246 nan
0.228723 nan
0.229200 nan
0.229677 nan
0.230154 nan
0.230631 nan
0.231108 nan
0.231586 nan
0.232063 nan
0.232540 nan
0.233017 nan
0.233494 nan
0.233971 nan
0.234448 nan
0.234925 nan
0.235402 nan
0.235879 nan
0.236356 nan
0.236833 nan
0.237310 nan
0.237787 nan
0.238264 nan
0.238742 nan
0.239219 nan
0.239696 nan
0.240173 nan
0.240650 nan
0.241127 nan
0.241604 nan
0.242081 nan
0.242558 nan
0.243035 nan
0.243512 nan
0.243989 nan
0.244466 nan
0.244943 nan
0.245420 nan
0.245898 nan
0.246375 nan
0.246852 nan
0.247329 nan
0.247806 nan
0.248283 nan
0.248760 nan
0.249237 nan
0.249714 nan
0.250191 nan
0.250668 nan
0.251145 nan
0.251622 nan
0.252099 nan
0.252576 nan
0.253054 nan
0.253531 nan
0.254008 nan
0.254485 nan
0.254962 nan
0.255439 nan
0.255916 nan
0.256393 nan
0.256870 nan
0.257347 nan
0.257824 nan
0.258301 nan
0.258778 nan
0.259255 nan
0.259732 nan
0.260210 nan
0.260687 nan
0.261164 nan
0.261641 nan
0.262118 nan
0.262595 nan
0.263072 nan
0.263549 nan
0.264026 nan
0.264503 nan
0.264980 nan
0.265457 nan
0.265934 nan
0.266411 nan
0.266888 nan
0.267366 nan
0.267843 nan
0.268320 nan
0.268797 nan
0.269274 nan
0.269751 nan
0.270228 nan
0.270705 nan
0.271182 nan
0.271659 nan
0.272136 nan
0.272613 nan
0.273090 nan
0.273567 nan
0.274044 nan
0.274522 nan
0.274999 nan
0.275476 nan
0.275953 nan
0.276430 nan
0.276907 nan
0.277384 nan
0.277861 nan
0.278338 nan
0.278815 nan
0.279292 nan
0.279769 nan
0.280246 nan
0.280723 nan
0.281200 nan
0.281678 nan
0.282155 nan
0.282632 nan
0.283109 nan
0.283586 nan
0.284063 nan
0.284540 nan
0.285017 nan
0.285494 nan
0.285971 nan
0.286448 nan
0.286925 nan
0.287402 nan
0.287879 nan
0.288356 nan
0.288834 nan
0.289311 nan
0.289788 nan
0.290265 nan
0.290742 nan
0.291219 nan
0.291696 nan
0.292173 nan
0.292650 nan
0.293127 nan
0.293604 nan
0.294081 nan
0.294558 nan
0.295035 nan
0.295512 nan
0.295990 nan
0.296467 nan
0.296944 nan
0.297421 nan
0.297898 nan
0.298375 nan
0.298852 nan
0.299329 nan
0.299806 nan
0.300283 nan
0.300760 nan
0.301237 nan
0.301714 nan
0.302191 nan
0.302668 nan
0.303146 nan
0.303623 nan
0.304100 nan
0.304577 nan
0.305054 nan
0.305531 nan
0.306008 nan
0.306485 nan
0.306962 nan
0.307439 nan
0.307916 nan
0.308393 nan
0.308870 nan
0.309347 nan
0.309824 nan
0.310302 nan
0.310779 nan
0.311256 nan
0.311733 nan
0.312210 nan
0.312687 nan
0.313164 nan
0.313641 nan
0.314118 nan
0.314595 nan
0.315072 nan
0.315549 nan
0.316026 nan
0.316503 nan
0.316980 nan
0.317458 nan
0.317935 nan
0.318412 nan
0.318889 nan
0.319366 nan
0.319843 nan
0.320320 nan
0.320797 nan
0.321274 nan
0.321751 nan
0.322228 nan
0.322705 nan
0.323182 nan
0.323659 nan
0.324136 nan
0.324614 nan
0.325091 nan
0.325568 nan
0.326045 nan
0.326522 nan
0.326999 nan
0.327476 nan
0.327953 nan
0.328430 nan
0.328907 nan
0.329384 nan
0.329861 nan
0.330338 nan
0.330815 nan
0.331292 nan
0.331769 nan
0.332247 nan
0.332724 nan
0.333201 nan
0.333678 nan
0.334155 nan
0.334632 nan
0.335109 nan
0.335586 nan
0.336063 nan
0.336540 nan
0.337017 nan
0.337494 nan
0.337971 nan
0.338448 nan
0.338925 nan
0.339403 nan
0.339880 nan
0.340357 nan
0.340834 nan
0.341311 nan
0.341788 nan
0.342265 nan
0.342742 nan
0.343219 nan
0.343696 nan
0.344173 nan
0.344650 nan
0.345127 nan
0.345604 nan
0.346081 nan
0.346559 nan
0.347036 nan
0.347513 nan
0.347990 nan
0.348467 nan
0.348944 nan
0.349421 nan
0.349898 nan
0.350375 nan
0.350852 nan
0.351329 nan
0.351806 nan
0.352283 nan
0.352760 nan
0.353237 nan
0.353715 nan
0.354192 nan
0.354669 nan
0.355146 nan
0.355623 nan
0.356100 nan
0.356577 nan
0.357054 nan
0.357531 nan
0.358008 nan
0.358485 nan
0.358962 nan
0.359439 nan
0.359916 nan
0.360393 nan
0.360871 nan
0.361348 nan
0.361825 nan
0.362302 nan
0.362779 nan
0.363256 nan
0.363733 nan
0.364210 nan
0.364687 nan
0.365164 nan
0.365641 nan
0.366118 nan
0.366595 nan
0.367072 nan
0.367549 nan
0.368027 nan
0.368504 nan
0.368981 nan
0.369458 nan
0.369935 nan
0.370412 nan
0.370889 nan
0.371366 nan
0.371843 nan
0.372320 nan
0.372797 nan
0.373274 nan
0.373751 nan
0.374228 nan
0.374705 nan
0.375183 nan
0.375660 nan
0.376137 nan
0.376614 nan
0.377091 nan
0.377568 nan
0.378045 nan
0.378522 nan
0.378999 nan
0.379476 nan
0.379953 nan
0.380430 nan
0.380907 nan
0.381384 nan
0.381861 nan
0.382339 nan
0.382816 nan
0.383293 nan
0.383770 nan
0.384247 nan
0.384724 nan
0.385201 nan
0.385678 nan
0.386155 nan
0.386632 nan
0.387109 nan
0.387586 nan
0.388063 nan
0.388540 nan
0.389017 nan
0.389495 nan
0.389972 nan
0.390449 nan
0.390926 nan
0.391403 nan
0.391880 nan
0.392357 nan
0.392834 nan
0.393311 nan
0.393788 nan
0.394265 nan
0.394742 nan
0.395219 nan
0.395696 nan
0.396173 nan
0.396651 nan
0.397128 nan
0.397605 nan
0.398082 nan
0.398559 nan
0.399036 nan
0.399513 nan
0.399990 nan
