0.120250 0.778577
0.120811 0.746509
0.121372 0.722007
0.121932 0.700686
0.122493 0.681216
0.123053 0.662981
0.123614 0.645634
0.124175 0.628959
0.124735 0.612810
0.125296 0.597083
0.125856 0.581699
0.126417 0.566599
0.126978 0.551736
0.127538 0.537071
0.128099 0.522574
0.128659 0.508219
0.129220 0.493982
0.129781 0.479846
0.130341 0.465793
0.130902 0.451810
0.131462 0.437883
0.132023 0.424002
0.132584 0.410155
0.133144 0.396334
0.133705 0.382531
0.134265 0.368737
0.134826 0.354945
0.135387 0.341149
0.135947 0.327343
0.136508 0.313520
0.137068 0.299676
0.137629 0.285805
0.138190 0.271903
0.138750 0.257964
0.139311 0.243985
0.139871 0.229961
0.140432 0.215887
0.140993 0.201761
0.141553 0.187578
0.142114 0.173334
0.142674 0.159025
0.143235 0.144649
0.143796 0.130201
0.144356 0.115679
0.144917 0.101079
0.145477 0.086397
0.146038 0.071630
0.146599 0.056775
0.147159 0.041829
0.147720 0.026788
0.148280 0.011650
0.148841 nan
0.149402 nan
0.149962 nan
0.150523 nan
0.151083 nan
0.151644 nan
0.152205 nan
0.152765 nan
0.153326 nan
0.153886 nan
0.154447 nan
0.155008 nan
0.155568 nan
0.156129 nan
0.156689 nan
0.157250 nan
0.157811 nan
0.158371 nan
0.158932 nan
0.159492 nan
0.160053 nan
0.160614 nan
0.161174 nan
0.161735 nan
0.162295 nan
0.162856 nan
0.163417 nan
0.163977 nan
0.164538 nan
0.165099 nan
0.165659 nan
0.166220 nan
0.166780 nan
0.167341 nan
0.167902 nan
0.168462 nan
0.169023 nan
0.169583 nan
0.170144 nan
0.170705 nan
0.171265 nan
0.171826 nan
0.172386 nan
0.172947 nan
0.173508 nan
0.174068 nan
0.174629 nan
0.175189 nan
0.175750 nan
0.176311 nan
0.176871 nan
0.177432 nan
0.177992 nan
0.178553 nan
0.179114 nan
0.179674 nan
0.180235 nan
0.180795 nan
0.181356 nan
0.181917 nan
0.182477 nan
0.183038 nan
0.183598 nan
0.184159 nan
0.184720 nan
0.185280 nan
0.185841 nan
0.186401 nan
0.186962 nan
0.187523 nan
0.188083 nan
0.188644 nan
0.189204 nan
0.189765 nan
0.190326 nan
0.190886 nan
0.191447 nan
0.192007 nan
0.192568 nan
0.193129 nan
0.193689 nan
0.194250 nan
0.194810 nan
0.195371 nan
0.195932 nan
0.196492 nan
0.197053 nan
0.197613 nan
0.198174 nan
0.198735 nan
0.199295 nan
0.199856 nan
0.200416 nan
0.200977 nan
0.201538 nan
0.202098 nan
0.202659 nan
0.203219 nan
0.203780 nan
0.204341 nan
0.204901 nan
0.205462 nan
0.206022 nan
0.206583 nan
0.207144 nan
0.207704 nan
0.208265 nan
0.208825 nan
0.209386 nan
0.209947 nan
0.210507 nan
0.211068 nan
0.211628 nan
0.212189 nan
0.212750 nan
0.213310 nan
0.213871 nan
0.214431 nan
0.214992 nan
0.215553 nan
0.216113 nan
0.216674 nan
0.217234 nan
0.217795 nan
0.218356 nan
0.218916 nan
0.219477 nan
0.220037 nan
0.220598 nan
0.221159 nan
0.221719 nan
0.222280 nan
0.222840 nan
0.223401 nan
0.223962 nan
0.224522 nan
0.225083 nan
0.225643 nan
0.226204 nan
0.226765 nan
0.227325 nan
0.227886 nan
0.228446 nan
0.229007 nan
0.229568 nan
0.230128 nan
0.230689 nan
0.231249 nan
0.231810 nan
0.232371 nan
0.232931 nan
0.233492 nan
0.234052 nan
0.234613 nan
0.235174 nan
0.235734 nan
0.236295 nan
0.236855 nan
0.237416 nan
0.237977 nan
0.238537 nan
0.239098 nan
0.239658 nan
0.240219 nan
0.240780 nan
0.241340 nan
0.241901 nan
0.242461 nan
0.243022 nan
0.243583 nan
0.244143 nan
0.244704 nan
0.245264 nan
0.245825 nan
0.246386 nan
0.246946 nan
0.247507 nan
0.248067 nan
0.248628 nan
0.249189 nan
0.249749 nan
0.250310 nan
0.250870 nan
0.251431 nan
0.251992 nan
0.252552 nan
0.253113 nan
0.253673 nan
0.254234 nan
0.254795 nan
0.255355 nan
0.255916 nan
0.256476 nan
0.257037 nan
0.257598 nan
0.258158 nan
0.258719 nan
0.259279 nan
0.259840 nan
0.260401 nan
0.260961 nan
0.261522 nan
0.262082 nan
0.262643 nan
0.263204 nan
0.263764 nan
0.264325 nan
0.264885 nan
0.265446 nan
0.266007 nan
0.266567 nan
0.267128 nan
0.267688 nan
0.268249 nan
0.268810 nan
0.269370 nan
0.269931 nan
0.270491 nan
0.271052 nan
0.271613 nan
0.272173 nan
0.272734 nan
0.273294 nan
0.273855 nan
0.274416 nan
0.274976 nan
0.275537 nan
0.276097 nan
0.276658 nan
0.277219 nan
0.277779 nan
0.278340 nan
0.278900 nan
0.279461 nan
0.280022 nan
0.280582 nan
0.281143 nan
0.281703 nan
0.282264 nan
0.282825 nan
0.283385 nan
0.283946 nan
0.284506 nan
0.285067 nan
0.285628 nan
0.286188 nan
0.286749 nan
0.287309 nan
0.287870 nan
0.288431 nan
0.288991 nan
0.289552 nan
0.290112 nan
0.290673 nan
0.291234 nan
0.291794 nan
0.292355 nan
0.292915 nan
0.293476 nan
0.294037 nan
0.294597 nan
0.295158 nan
0.295718 nan
0.296279 nan
0.296840 nan
0.297400 nan
0.297961 nan
0.298521 nan
0.299082 nan
0.299643 nan
0.300203 nan
0.300764 nan
0.301324 nan
0.301885 nan
0.302446 nan
0.303006 nan
0.303567 nan
0.304127 nan
0.304688 nan
0.305249 nan
0.305809 nan
0.306370 nan
0.306930 nan
0.307491 nan
0.308052 nan
0.308612 nan
0.309173 nan
0.309733 nan
0.310294 nan
0.310855 nan
0.311415 nan
0.311976 nan
0.312536 nan
0.313097 nan
0.313658 nan
0.314218 nan
0.314779 nan
0.315339 nan
0.315900 nan
0.316461 nan
0.317021 nan
0.317582 nan
0.318142 nan
0.318703 nan
0.319264 nan
0.319824 nan
0.320385 nan
0.320945 nan
0.321506 nan
0.322067 nan
0.322627 nan
0.323188 nan
0.323748 nan
0.324309 nan
0.324870 nan
0.325430 nan
0.325991 nan
0.326551 nan
0.327112 nan
0.327673 nan
0.328233 nan
0.328794 nan
0.329354 nan
0.329915 nan
0.330476 nan
0.331036 nan
0.331597 nan
0.332157 nan
0.332718 nan
0.333279 nan
0.333839 nan
0.334400 nan
0.334960 nan
0.335521 nan
0.336082 nan
0.336642 nan
0.337203 nan
0.337763 nan
0.338324 nan
0.338885 nan
0.339445 nan
0.340006 nan
0.340566 nan
0.341127 nan
0.341688 nan
0.342248 nan
0.342809 nan
0.343369 nan
0.343930 nan
0.344491 nan
0.345051 nan
0.345612 nan
0.346172 nan
0.346733 nan
0.347294 nan
0.347854 nan
0.348415 nan
0.348975 nan
0.349536 nan
0.350097 nan
0.350657 nan
0.351218 nan
0.351778 nan
0.352339 nan
0.352900 nan
0.353460 nan
0.354021 nan
0.354581 nan
0.355142 nan
0.355703 nan
0.356263 nan
0.356824 nan
0.357384 nan
0.357945 nan
0.358506 nan
0.359066 nan
0.359627 nan
0.360187 nan
0.360748 nan
0.361309 nan
0.361869 nan
0.362430 nan
0.362990 nan
0.363551 nan
0.364112 nan
0.364672 nan
0.365233 nan
0.365793 nan
0.366354 nan
0.366915 nan
0.367475 nan
0.368036 nan
0.368596 nan
0.369157 nan
0.369718 nan
0.370278 nan
0.370839 nan
0.371399 nan
0.371960 nan
0.372521 nan
0.373081 nan
0.373642 nan
0.374202 nan
0.374763 nan
0.375324 nan
0.375884 nan
0.376445 nan
0.377005 nan
0.377566 nan
0.378127 nan
0.378687 nan
0.379248 nan
0.379808 nan
0.380369 nan
0.380930 nan
0.381490 nan
0.382051 nan
0.382611 nan
0.383172 nan
0.383733 nan
0.384293 nan
0.384854 nan
0.385414 nan
0.385975 nan
0.386536 nan
0.387096 nan
0.387657 nan
0.388217 nan
0.388778 nan
0.389339 nan
0.389899 nan
0.390460 nan
0.391020 nan
0.391581 nan
0.392142 nan
0.392702 nan
0.393263 nan
0.393823 nan
0.394384 nan
0.394945 nan
0.395505 nan
0.396066 nan
0.396626 nan
0.397187 nan
0.397748 nan
0.398308 nan
0.398869 nan
0.399429 nan
0.399990 nan
