0.206022 nan
0.206411 nan
0.206799 nan
0.207188 nan
0.207577 nan
0.207966 nan
0.208354 0.068004
0.208743 0.003996
0.209132 nan
0.209520 nan
0.209909 nan
0.210298 nan
0.210687 nan
0.211075 nan
0.211464 nan
0.211853 nan
0.212241 nan
0.212630 nan
0.213019 nan
0.213408 nan
0.213796 nan
0.214185 nan
0.214574 nan
0.214962 nan
0.215351 nan
0.215740 nan
0.216129 nan
0.216517 nan
0.216906 nan
0.217295 nan
0.217683 nan
0.218072 nan
0.218461 nan
0.218850 nan
0.219238 nan
0.219627 nan
0.220016 nan
0.220404 nan
0.220793 nan
0.221182 nan
0.221571 nan
0.221959 nan
0.222348 nan
0.222737 nan
0.223125 nan
0.223514 nan
0.223903 nan
0.224292 nan
0.224680 nan
0.225069 nan
0.225458 nan
0.225846 nan
0.226235 nan
0.226624 nan
0.227013 nan
0.227401 nan
0.227790 nan
0.228179 nan
0.228567 nan
0.228956 nan
0.229345 nan
0.229734 nan
0.230122 nan
0.230511 nan
0.230900 nan
0.231288 nan
0.231677 nan
0.232066 nan
0.232455 nan
0.232843 nan
0.233232 nan
0.233621 nan
0.234009 nan
0.234398 nan
0.234787 nan
0.235176 nan
0.235564 nan
0.235953 nan
0.236342 nan
0.236730 nan
0.237119 nan
0.237508 nan
0.237897 nan
0.238285 nan
0.238674 nan
0.239063 nan
0.239451 nan
0.239840 nan
0.240229 nan
0.240618 nan
0.241006 nan
0.241395 nan
0.241784 nan
0.242172 nan
0.242561 nan
0.242950 nan
0.243339 nan
0.243727 nan
0.244116 nan
0.244505 nan
0.244893 nan
0.245282 nan
0.245671 nan
0.246060 nan
0.246448 nan
0.246837 nan
0.247226 nan
0.247614 nan
0.248003 nan
0.248392 nan
0.248780 nan
0.249169 nan
0.249558 nan
0.249947 nan
0.250335 nan
0.250724 nan
0.251113 nan
0.251501 nan
0.251890 nan
0.252279 nan
0.252668 nan
0.253056 nan
0.253445 nan
0.253834 nan
0.254222 nan
0.254611 nan
0.255000 nan
0.255389 nan
0.255777 nan
0.256166 nan
0.256555 nan
0.256943 nan
0.257332 nan
0.257721 nan
0.258110 nan
0.258498 nan
0.258887 nan
0.259276 nan
0.259664 nan
0.260053 nan
0.260442 nan
0.260831 nan
0.261219 nan
0.261608 nan
0.261997 nan
0.262385 nan
0.262774 nan
0.263163 nan
0.263552 nan
0.263940 nan
0.264329 nan
0.264718 nan
0.265106 nan
0.265495 nan
0.265884 nan
0.266273 nan
0.266661 nan
0.267050 nan
0.267439 nan
0.267827 nan
0.268216 nan
0.268605 nan
0.268994 nan
0.269382 nan
0.269771 nan
0.270160 nan
0.270548 nan
0.270937 nan
0.271326 nan
0.271715 nan
0.272103 nan
0.272492 nan
0.272881 nan
0.273269 nan
0.273658 nan
0.274047 nan
0.274436 nan
0.274824 nan
0.275213 nan
0.275602 nan
0.275990 nan
0.276379 nan
0.276768 nan
0.277157 nan
0.277545 nan
0.277934 nan
0.278323 nan
0.278711 nan
0.279100 nan
0.279489 nan
0.279878 nan
0.280266 nan
0.280655 nan
0.281044 nan
0.281432 nan
0.281821 nan
0.282210 nan
0.282599 nan
0.282987 nan
0.283376 nan
0.283765 nan
0.284153 nan
0.284542 nan
0.284931 nan
0.285320 nan
0.285708 nan
0.286097 nan
0.286486 nan
0.286874 nan
0.287263 nan
0.287652 nan
0.288041 nan
0.288429 nan
0.288818 nan
0.289207 nan
0.289595 nan
0.289984 nan
0.290373 nan
0.290762 nan
0.291150 nan
0.291539 nan
0.291928 nan
0.292316 nan
0.292705 nan
0.293094 nan
0.293483 nan
0.293871 nan
0.294260 nan
0.294649 nan
0.295037 nan
0.295426 nan
0.295815 nan
0.296204 nan
0.296592 nan
0.296981 nan
0.297370 nan
0.297758 nan
0.298147 nan
0.298536 nan
0.298925 nan
0.299313 nan
0.299702 nan
0.300091 nan
0.300479 nan
0.300868 nan
0.301257 nan
0.301646 nan
0.302034 nan
0.302423 nan
0.302812 nan
0.303200 nan
0.303589 nan
0.303978 nan
0.304367 nan
0.304755 nan
0.305144 nan
0.305533 nan
0.305921 nan
0.306310 nan
0.306699 nan
0.307088 nan
0.307476 nan
0.307865 nan
0.308254 nan
0.308642 nan
0.309031 nan
0.309420 nan
0.309808 nan
0.310197 nan
0.310586 nan
0.310975 nan
0.311363 nan
0.311752 nan
0.312141 nan
0.312529 nan
0.312918 nan
0.313307 nan
0.313696 nan
0.314084 nan
0.314473 nan
0.314862 nan
0.315250 nan
0.315639 nan
0.316028 nan
0.316417 nan
0.316805 nan
0.317194 nan
0.317583 nan
0.317971 nan
0.318360 nan
0.318749 nan
0.319138 nan
0.319526 nan
0.319915 nan
0.320304 nan
0.320692 nan
0.321081 nan
0.321470 nan
0.321859 nan
0.322247 nan
0.322636 nan
0.323025 nan
0.323413 nan
0.323802 nan
0.324191 nan
0.324580 nan
0.324968 nan
0.325357 nan
0.325746 nan
0.326134 nan
0.326523 nan
0.326912 nan
0.327301 nan
0.327689 nan
0.328078 nan
0.328467 nan
0.328855 nan
0.329244 nan
0.329633 nan
0.330022 nan
0.330410 nan
0.330799 nan
0.331188 nan
0.331576 nan
0.331965 nan
0.332354 nan
0.332743 nan
0.333131 nan
0.333520 nan
0.333909 nan
0.334297 nan
0.334686 nan
0.335075 nan
0.335464 nan
0.335852 nan
0.336241 nan
0.336630 nan
0.337018 nan
0.337407 nan
0.337796 nan
0.338185 nan
0.338573 nan
0.338962 nan
0.339351 nan
0.339739 nan
0.340128 nan
0.340517 nan
0.340906 nan
0.341294 nan
0.341683 nan
0.342072 nan
0.342460 nan
0.342849 nan
0.343238 nan
0.343627 nan
0.344015 nan
0.344404 nan
0.344793 nan
0.345181 nan
0.345570 nan
0.345959 nan
0.346348 nan
0.346736 nan
0.347125 nan
0.347514 nan
0.347902 nan
0.348291 nan
0.348680 nan
0.349069 nan
0.349457 nan
0.349846 nan
0.350235 nan
0.350623 nan
0.351012 nan
0.351401 nan
0.351790 nan
0.352178 nan
0.352567 nan
0.352956 nan
0.353344 nan
0.353733 nan
0.354122 nan
0.354511 nan
0.354899 nan
0.355288 nan
0.355677 nan
0.356065 nan
0.356454 nan
0.356843 nan
0.357232 nan
0.357620 nan
0.358009 nan
0.358398 nan
0.358786 nan
0.359175 nan
0.359564 nan
0.359953 nan
0.360341 nan
0.360730 nan
0.361119 nan
0.361507 nan
0.361896 nan
0.362285 nan
0.362674 nan
0.363062 nan
0.363451 nan
0.363840 nan
0.364228 nan
0.364617 nan
0.365006 nan
0.365395 nan
0.365783 nan
0.366172 nan
0.366561 nan
0.366949 nan
0.367338 nan
0.367727 nan
0.368116 nan
0.368504 nan
0.368893 nan
0.369282 nan
0.369670 nan
0.370059 nan
0.370448 nan
0.370836 nan
0.371225 nan
0.371614 nan
0.372003 nan
0.372391 nan
0.372780 nan
0.373169 nan
0.373557 nan
0.373946 nan
0.374335 nan
0.374724 nan
0.375112 nan
0.375501 nan
0.375890 nan
0.376278 nan
0.376667 nan
0.377056 nan
0.377445 nan
0.377833 nan
0.378222 nan
0.378611 nan
0.378999 nan
0.379388 nan
0.379777 nan
0.380166 nan
0.380554 nan
0.380943 nan
0.381332 nan
0.381720 nan
0.382109 nan
0.382498 nan
0.382887 nan
0.383275 nan
0.383664 nan
0.384053 nan
0.384441 nan
0.384830 nan
0.385219 nan
0.385608 nan
0.385996 nan
0.386385 nan
0.386774 nan
0.387162 nan
0.387551 nan
0.387940 nan
0.388329 nan
0.388717 nan
0.389106 nan
0.389495 nan
0.389883 nan
0.390272 nan
0.390661 nan
0.391050 nan
0.391438 nan
0.391827 nan
0.392216 nan
0.392604 nan
0.392993 nan
0.393382 nan
0.393771 nan
0.394159 nan
0.394548 nan
0.394937 nan
0.395325 nan
0.395714 nan
0.396103 nan
0.396492 nan
0.396880 nan
0.397269 nan
0.397658 nan
0.398046 nan
0.398435 nan
0.398824 nan
0.399213 nan
0.399601 nan
0.399990 nan
