0.400000 0.948232
0.399198 0.947774
0.398397 0.947312
0.397595 0.946847
0.396794 0.946378
0.395992 0.945904
0.395190 0.945427
0.394389 0.944946
0.393587 0.944461
0.392786 0.943972
0.391984 0.943479
0.391182 0.942982
0.390381 0.942481
0.389579 0.941976
0.388778 0.941466
0.387976 0.940953
0.387174 0.940435
0.386373 0.939912
0.385571 0.939386
0.384770 0.938855
0.383968 0.938320
0.383166 0.937780
0.382365 0.937236
0.381563 0.936688
0.380762 0.936134
0.379960 0.935577
0.379158 0.935014
0.378357 0.934447
0.377555 0.933876
0.376754 0.933299
0.375952 0.932718
0.375150 0.932132
0.374349 0.931541
0.373547 0.930945
0.372745 0.930345
0.371944 0.929739
0.371142 0.929128
0.370341 0.928512
0.369539 0.927891
0.368737 0.927265
0.367936 0.926634
0.367134 0.925997
0.366333 0.925355
0.365531 0.924708
0.364729 0.924055
0.363928 0.923397
0.363126 0.922734
0.362325 0.922064
0.361523 0.921390
0.360721 0.920709
0.359920 0.920023
0.359118 0.919331
0.358317 0.918633
0.357515 0.917930
0.356713 0.917220
0.355912 0.916505
0.355110 0.915783
0.354309 0.915056
0.353507 0.914322
0.352705 0.913582
0.351904 0.912836
0.351102 0.912084
0.350301 0.911324
0.349499 0.910558
0.348697 0.909787
0.347896 0.909008
0.347094 0.908223
0.346293 0.907432
0.345491 0.906634
0.344689 0.905828
0.343888 0.905016
0.343086 0.904198
0.342285 0.903372
0.341483 0.902539
0.340681 0.901699
0.339880 0.900851
0.339078 0.899997
0.338277 0.899135
0.337475 0.898266
0.336673 0.897389
0.335872 0.896505
0.335070 0.895613
0.334269 0.894713
0.333467 0.893806
0.332665 0.892891
0.331864 0.891968
0.331062 0.891037
0.330261 0.890098
0.329459 0.889150
0.328657 0.888195
0.327856 0.887231
0.327054 0.886259
0.326253 0.885278
0.325451 0.884289
0.324649 0.883291
0.323848 0.882284
0.323046 0.881268
0.322244 0.880244
0.321443 0.879210
0.320641 0.878168
0.319840 0.877116
0.319038 0.876055
0.318236 0.874985
0.317435 0.873905
0.316633 0.872815
0.315832 0.871716
0.315030 0.870607
0.314228 0.869489
0.313427 0.868360
0.312625 0.867221
0.311824 0.866072
0.311022 0.864913
0.310220 0.863743
0.309419 0.862563
0.308617 0.861372
0.307816 0.860171
0.307014 0.858958
0.306212 0.857735
0.305411 0.856501
0.304609 0.855255
0.303808 0.853998
0.303006 0.852730
0.302204 0.851448
0.301403 0.850156
0.300601 0.848853
0.299800 0.847537
0.298998 0.846210
0.298196 0.844870
0.297395 0.843519
0.296593 0.842154
0.295792 0.840777
0.294990 0.839387
0.294188 0.837985
0.293387 0.836569
0.292585 0.835140
0.291784 0.833698
0.290982 0.832243
0.290180 0.830773
0.289379 0.829290
0.288577 0.827794
0.287776 0.826283
0.286974 0.824757
0.286172 0.823218
0.285371 0.821664
0.284569 0.820095
0.283768 0.818511
0.282966 0.816912
0.282164 0.815298
0.281363 0.813668
0.280561 0.812023
0.279760 0.810362
0.278958 0.808685
0.278156 0.806992
0.277355 0.805282
0.276553 0.803556
0.275752 0.801810
0.274950 0.800050
0.274148 0.798273
0.273347 0.796479
0.272545 0.794667
0.271743 0.792837
0.270942 0.790990
0.270140 0.789124
0.269339 0.787239
0.268537 0.785337
0.267735 0.783415
0.266934 0.781474
0.266132 0.779513
0.265331 0.777533
0.264529 0.775534
0.263727 0.773514
0.262926 0.771474
0.262124 0.769413
0.261323 0.767332
0.260521 0.765229
0.259719 0.763105
0.258918 0.760959
0.258116 0.758792
0.257315 0.756602
0.256513 0.754386
0.255711 0.752150
0.254910 0.749892
0.254108 0.747610
0.253307 0.745305
0.252505 0.742976
0.251703 0.740622
0.250902 0.738244
0.250100 0.735841
0.249299 0.733413
0.248497 0.730959
0.247695 0.728479
0.246894 0.725973
0.246092 0.723440
0.245291 0.720880
0.244489 0.718293
0.243687 0.715678
0.242886 0.713035
0.242084 0.710358
0.241283 0.707658
0.240481 0.704928
0.239679 0.702168
0.238878 0.699379
0.238076 0.696559
0.237275 0.693707
0.236473 0.690825
0.235671 0.687911
0.234870 0.684964
0.234068 0.681985
0.233267 0.678973
0.232465 0.675927
0.231663 0.672846
0.230862 0.669726
0.230060 0.666576
0.229259 0.663390
0.228457 0.660168
0.227655 0.656909
0.226854 0.653614
0.226052 0.650280
0.225251 0.646908
0.224449 0.643498
0.223647 0.640047
0.222846 0.636557
0.222044 0.633020
0.221242 0.629448
0.220441 0.625834
0.219639 0.622177
0.218838 0.618477
0.218036 0.614734
0.217234 0.610945
0.216433 0.607112
0.215631 0.603233
0.214830 0.599308
0.214028 0.595328
0.213226 0.591306
0.212425 0.587236
0.211623 0.583117
0.210822 0.578947
0.210020 0.574726
0.209218 0.570453
0.208417 0.566120
0.207615 0.561740
0.206814 0.557306
0.206012 0.552817
0.205210 0.548271
0.204409 0.543669
0.203607 0.539008
0.202806 0.534280
0.202004 0.529500
0.201202 0.524658
0.200401 0.519755
0.199599 0.514789
0.198798 0.509750
0.197996 0.504654
0.197194 0.499492
0.196393 0.494262
0.195591 0.488964
0.194790 0.483587
0.193988 0.478148
0.193186 0.472637
0.192385 0.467052
0.191583 0.461383
0.190782 0.455647
0.189980 0.449834
0.189178 0.443942
0.188377 0.437961
0.187575 0.431907
0.186774 0.425770
0.185972 0.419540
0.185170 0.413232
0.184369 0.406837
0.183567 0.400343
0.182766 0.393768
0.181964 0.387091
0.181162 0.380329
0.180361 0.373461
0.179559 0.366506
0.178758 0.359451
0.177956 0.352284
0.177154 0.345025
0.176353 0.337649
0.175551 0.330167
0.174749 0.322586
0.173948 0.314882
0.173146 0.307066
0.172345 0.299145
0.171543 0.291094
0.170741 0.282924
0.169940 0.274631
0.169138 0.266214
0.168337 0.257669
0.167535 0.248995
0.166733 0.240189
0.165932 0.231248
0.165130 0.222159
0.164329 0.212941
0.163527 0.203569
0.162725 0.194052
0.161924 0.184388
0.161122 0.174573
0.160321 0.164606
0.159519 0.154472
0.158717 0.144180
0.157916 0.133729
0.157114 0.123105
0.156313 0.112306
0.155511 0.101332
0.154709 0.090200
0.153908 0.078887
0.153106 0.067390
0.152305 0.055743
0.151503 0.043950
0.150701 0.032064
0.149900 0.020285
0.149098 0.009518
0.148297 0.003253
0.147495 0.001521
0.146693 0.000950
0.145892 0.000688
0.145090 0.000522
0.144289 0.000372
0.143487 0.000240
0.142685 0.000145
0.141884 0.000082
0.141082 0.000040
0.140281 0.000019
0.139479 0.000008
0.138677 0.000003
0.137876 0.000001
0.137074 0.000000
0.136273 0.000000
0.135471 0.000000
0.134669 0.000000
0.133868 0.000000
0.133066 0.000000
0.132265 0.000000
0.131463 0.000000
0.130661 0.000000
0.129860 0.000000
0.129058 0.000000
0.128257 0.000000
0.127455 0.000000
0.126653 0.000000
0.125852 0.000000
0.125050 0.000000
0.124248 0.000000
0.123447 0.000000
0.122645 0.000000
0.121844 0.000000
0.121042 0.000000
0.120240 0.000000
0.119439 -0.000000
0.118637 0.000000
0.117836 0.000000
0.117034 0.000000
0.116232 0.000000
0.115431 0.000000
0.114629 0.000000
0.113828 0.000000
0.113026 0.000000
0.112224 0.000000
0.111423 0.000000
0.110621 0.000000
0.109820 0.000000
0.109018 0.000000
0.108216 0.000000
0.107415 0.000000
0.106613 0.000000
0.105812 0.000000
0.105010 0.000000
0.104208 0.000000
0.103407 0.000000
0.102605 0.000000
0.101804 0.000000
0.101002 0.000000
0.100200 0.000000
0.099399 0.000000
0.098597 0.000000
0.097796 0.000000
0.096994 0.000000
0.096192 0.000000
0.095391 0.000000
0.094589 0.000000
0.093788 0.000000
0.092986 0.000000
0.092184 0.000000
0.091383 0.000000
0.090581 0.000000
0.089780 0.000000
0.088978 0.000000
0.088176 0.000000
0.087375 0.000000
0.086573 0.000000
0.085772 0.000000
0.084970 0.000000
0.084168 0.000000
0.083367 0.000000
0.082565 0.000000
0.081764 -0.000000
0.080962 0.000000
0.080160 0.000000
0.079359 0.000000
0.078557 0.000000
0.077756 -0.000000
0.076954 0.000000
0.076152 0.000000
0.075351 0.000000
0.074549 0.000000
0.073747 -0.000000
0.072946 0.000000
0.072144 -0.000000
0.071343 0.000000
0.070541 0.000000
0.069739 0.000000
0.068938 0.000000
0.068136 0.000000
0.067335 0.000000
0.066533 0.000000
0.065731 0.000000
0.064930 0.000000
0.064128 -0.000000
0.063327 0.000000
0.062525 0.000000
0.061723 0.000000
0.060922 0.000000
0.060120 0.000000
0.059319 0.000000
0.058517 0.000000
0.057715 0.000000
0.056914 0.000000
0.056112 0.000000
0.055311 0.000000
0.054509 0.000000
0.053707 0.000000
0.052906 0.000000
0.052104 0.000000
0.051303 0.000000
0.050501 -0.000000
0.049699 0.000000
0.048898 0.000000
0.048096 0.000000
0.047295 0.000000
0.046493 0.000000
0.045691 0.000000
0.044890 0.000000
0.044088 0.000000
0.043287 0.000000
0.042485 0.000000
0.041683 0.000000
0.040882 0.000000
0.040080 0.000000
0.039279 0.000000
0.038477 0.000000
0.037675 0.000000
0.036874 0.000000
0.036072 0.000000
0.035271 0.000000
0.034469 0.000000
0.033667 0.000000
0.032866 0.000000
0.032064 0.000000
0.031263 0.000000
0.030461 0.000000
0.029659 0.000000
0.028858 0.000000
0.028056 0.000000
0.027255 0.000000
0.026453 0.000000
0.025651 0.000000
0.024850 0.000000
0.024048 0.000000
0.023246 0.000000
0.022445 0.000000
0.021643 0.000000
0.020842 0.000000
0.020040 0.000000
0.019238 0.000000
0.018437 0.000000
0.017635 0.000000
0.016834 -0.000000
0.016032 0.000000
0.015230 0.000000
0.014429 0.000000
0.013627 0.000000
0.012826 -0.000000
0.012024 0.000000
0.011222 0.000000
0.010421 0.000000
0.009619 0.000000
0.008818 0.000000
0.008016 0.000000
0.007214 0.000000
0.006413 0.000000
0.005611 0.000000
0.004810 0.000000
0.004008 0.000000
0.003206 -0.000000
0.002405 0.000000
0.001603 0.000000
0.000802 0.000000
0.000000 0.000000
