0.400000 0.924479
0.399198 0.923684
0.398397 0.922880
0.397595 0.922069
0.396794 0.921248
0.395992 0.920419
0.395190 0.919582
0.394389 0.918735
0.393587 0.917880
0.392786 0.917016
0.391984 0.916143
0.391182 0.915260
0.390381 0.914368
0.389579 0.913467
0.388778 0.912556
0.387976 0.911636
0.387174 0.910706
0.386373 0.909766
0.385571 0.908816
0.384770 0.907856
0.383968 0.906886
0.383166 0.905906
0.382365 0.904915
0.381563 0.903914
0.380762 0.902902
0.379960 0.901879
0.379158 0.900846
0.378357 0.899801
0.377555 0.898743
0.376754 0.897676
0.375952 0.896598
0.375150 0.895508
0.374349 0.894406
0.373547 0.893293
0.372745 0.892168
0.371944 0.891031
0.371142 0.889881
0.370341 0.888720
0.369539 0.887545
0.368737 0.886359
0.367936 0.885159
0.367134 0.883946
0.366333 0.882721
0.365531 0.881482
0.364729 0.880230
0.363928 0.878964
0.363126 0.877685
0.362325 0.876392
0.361523 0.875085
0.360721 0.873763
0.359920 0.872428
0.359118 0.871077
0.358317 0.869713
0.357515 0.868333
0.356713 0.866938
0.355912 0.865528
0.355110 0.864103
0.354309 0.862662
0.353507 0.861202
0.352705 0.859729
0.351904 0.858240
0.351102 0.856735
0.350301 0.855214
0.349499 0.853675
0.348697 0.852120
0.347896 0.850548
0.347094 0.848958
0.346293 0.847351
0.345491 0.845726
0.344689 0.844083
0.343888 0.842421
0.343086 0.840742
0.342285 0.839044
0.341483 0.837327
0.340681 0.835591
0.339880 0.833835
0.339078 0.832060
0.338277 0.830266
0.337475 0.828451
0.336673 0.826611
0.335872 0.824756
0.335070 0.822879
0.334269 0.820981
0.333467 0.819063
0.332665 0.817122
0.331864 0.815160
0.331062 0.813175
0.330261 0.811168
0.329459 0.809139
0.328657 0.807087
0.327856 0.805011
0.327054 0.802912
0.326253 0.800789
0.325451 0.798641
0.324649 0.796470
0.323848 0.794274
0.323046 0.792047
0.322244 0.789800
0.321443 0.787527
0.320641 0.785229
0.319840 0.782904
0.319038 0.780552
0.318236 0.778173
0.317435 0.775767
0.316633 0.773333
0.315832 0.770871
0.315030 0.768380
0.314228 0.765861
0.313427 0.763312
0.312625 0.760734
0.311824 0.758121
0.311022 0.755482
0.310220 0.752812
0.309419 0.750112
0.308617 0.747379
0.307816 0.744615
0.307014 0.741819
0.306212 0.738989
0.305411 0.736126
0.304609 0.733230
0.303808 0.730299
0.303006 0.727334
0.302204 0.724328
0.301403 0.721291
0.300601 0.718219
0.299800 0.715110
0.298998 0.711965
0.298196 0.708782
0.297395 0.705560
0.296593 0.702301
0.295792 0.699002
0.294990 0.695657
0.294188 0.692278
0.293387 0.688859
0.292585 0.685398
0.291784 0.681896
0.290982 0.678351
0.290180 0.674764
0.289379 0.671132
0.288577 0.667450
0.287776 0.663730
0.286974 0.659964
0.286172 0.656152
0.285371 0.652294
0.284569 0.648388
0.283768 0.644435
0.282966 0.640432
0.282164 0.636373
0.281363 0.632271
0.280561 0.628119
0.279760 0.623915
0.278958 0.619659
0.278156 0.615350
0.277355 0.610979
0.276553 0.606561
0.275752 0.602089
0.274950 0.597560
0.274148 0.592975
0.273347 0.588323
0.272545 0.583621
0.271743 0.578860
0.270942 0.574039
0.270140 0.569157
0.269339 0.564204
0.268537 0.559196
0.267735 0.554125
0.266934 0.548990
0.266132 0.543779
0.265331 0.538511
0.264529 0.533175
0.263727 0.527770
0.262926 0.522287
0.262124 0.516742
0.261323 0.511125
0.260521 0.505426
0.259719 0.499662
0.258918 0.493824
0.258116 0.487909
0.257315 0.481907
0.256513 0.475836
0.255711 0.469676
0.254910 0.463445
0.254108 0.457131
0.253307 0.450724
0.252505 0.444243
0.251703 0.437665
0.250902 0.431010
0.250100 0.424267
0.249299 0.417422
0.248497 0.410498
0.247695 0.403469
0.246894 0.396347
0.246092 0.389138
0.245291 0.381823
0.244489 0.374419
0.243687 0.366904
0.242886 0.359287
0.242084 0.351578
0.241283 0.343752
0.240481 0.335820
0.239679 0.327779
0.238878 0.319628
0.238076 0.311366
0.237275 0.302989
0.236473 0.294498
0.235671 0.285889
0.234870 0.277161
0.234068 0.268313
0.233267 0.259329
0.232465 0.250234
0.231663 0.240999
0.230862 0.231649
0.230060 0.222157
0.229259 0.212532
0.228457 0.202774
0.227655 0.192867
0.226854 0.182823
0.226052 0.172653
0.225251 0.162317
0.224449 0.151853
0.223647 0.141234
0.222846 0.130459
0.222044 0.119528
0.221242 0.108457
0.220441 0.097222
0.219639 0.085843
0.218838 0.074318
0.218036 0.062652
0.217234 0.050870
0.216433 0.039020
0.215631 0.027216
0.214830 0.015935
0.214028 0.006976
0.213226 0.002985
0.212425 0.001703
0.211623 0.001160
0.210822 0.000870
0.210020 0.000706
0.209218 0.000577
0.208417 0.000498
0.207615 0.000435
0.206814 0.000389
0.206012 0.000342
0.205210 0.000312
0.204409 0.000282
0.203607 0.000253
0.202806 0.000238
0.202004 0.000223
0.201202 0.000209
0.200401 0.000194
0.199599 0.000180
0.198798 0.000166
0.197996 0.000152
0.197194 0.000139
0.196393 0.000126
0.195591 0.000114
0.194790 0.000103
0.193988 0.000092
0.193186 0.000083
0.192385 0.000073
0.191583 0.000065
0.190782 0.000057
0.189980 0.000050
0.189178 0.000044
0.188377 0.000038
0.187575 0.000033
0.186774 0.000028
0.185972 0.000024
0.185170 0.000021
0.184369 0.000018
0.183567 0.000015
0.182766 0.000012
0.181964 0.000010
0.181162 0.000009
0.180361 0.000007
0.179559 0.000006
0.178758 0.000005
0.177956 0.000004
0.177154 0.000003
0.176353 0.000003
0.175551 0.000002
0.174749 0.000002
0.173948 0.000001
0.173146 0.000001
0.172345 0.000001
0.171543 0.000001
0.170741 0.000001
0.169940 0.000000
0.169138 0.000000
0.168337 0.000000
0.167535 0.000000
0.166733 0.000000
0.165932 0.000000
0.165130 0.000000
0.164329 0.000000
0.163527 0.000000
0.162725 0.000000
0.161924 0.000000
0.161122 0.000000
0.160321 0.000000
0.159519 0.000000
0.158717 0.000000
0.157916 0.000000
0.157114 0.000000
0.156313 0.000000
0.155511 0.000000
0.154709 0.000000
0.153908 0.000000
0.153106 0.000000
0.152305 0.000000
0.151503 0.000000
0.150701 0.000000
0.149900 0.000000
0.149098 0.000000
0.148297 0.000000
0.147495 0.000000
0.146693 0.000000
0.145892 0.000000
0.145090 0.000000
0.144289 0.000000
0.143487 0.000000
0.142685 0.000000
0.141884 0.000000
0.141082 0.000000
0.140281 0.000000
0.139479 0.000000
0.138677 0.000000
0.137876 0.000000
0.137074 0.000000
0.136273 0.000000
0.135471 0.000000
0.134669 0.000000
0.133868 0.000000
0.133066 0.000000
0.132265 0.000000
0.131463 0.000000
0.130661 0.000000
0.129860 0.000000
0.129058 0.000000
0.128257 0.000000
0.127455 0.000000
0.126653 0.000000
0.125852 0.000000
0.125050 0.000000
0.124248 0.000000
0.123447 0.000000
0.122645 0.000000
0.121844 0.000000
0.121042 0.000000
0.120240 0.000000
0.119439 -0.000000
0.118637 0.000000
0.117836 0.000000
0.117034 0.000000
0.116232 0.000000
0.115431 0.000000
0.114629 0.000000
0.113828 0.000000
0.113026 0.000000
0.112224 0.000000
0.111423 0.000000
0.110621 0.000000
0.109820 0.000000
0.109018 0.000000
0.108216 0.000000
0.107415 0.000000
0.106613 0.000000
0.105812 0.000000
0.105010 0.000000
0.104208 0.000000
0.103407 0.000000
0.102605 0.000000
0.101804 0.000000
0.101002 0.000000
0.100200 0.000000
0.099399 0.000000
0.098597 0.000000
0.097796 0.000000
0.096994 0.000000
0.096192 0.000000
0.095391 0.000000
0.094589 0.000000
0.093788 0.000000
0.092986 0.000000
0.092184 0.000000
0.091383 0.000000
0.090581 0.000000
0.089780 0.000000
0.088978 0.000000
0.088176 0.000000
0.087375 0.000000
0.086573 0.000000
0.085772 0.000000
0.084970 0.000000
0.084168 0.000000
0.083367 0.000000
0.082565 0.000000
0.081764 -0.000000
0.080962 0.000000
0.080160 0.000000
0.079359 0.000000
0.078557 0.000000
0.077756 -0.000000
0.076954 0.000000
0.076152 0.000000
0.075351 0.000000
0.074549 0.000000
0.073747 -0.000000
0.072946 0.000000
0.072144 -0.000000
0.071343 0.000000
0.070541 0.000000
0.069739 0.000000
0.068938 0.000000
0.068136 0.000000
0.067335 0.000000
0.066533 0.000000
0.065731 0.000000
0.064930 0.000000
0.064128 -0.000000
0.063327 0.000000
0.062525 0.000000
0.061723 0.000000
0.060922 0.000000
0.060120 0.000000
0.059319 0.000000
0.058517 0.000000
0.057715 0.000000
0.056914 0.000000
0.056112 0.000000
0.055311 0.000000
0.054509 0.000000
0.053707 0.000000
0.052906 0.000000
0.052104 0.000000
0.051303 0.000000
0.050501 -0.000000
0.049699 0.000000
0.048898 0.000000
0.048096 0.000000
0.047295 0.000000
0.046493 0.000000
0.045691 0.000000
0.044890 0.000000
0.044088 0.000000
0.043287 0.000000
0.042485 0.000000
0.041683 0.000000
0.040882 0.000000
0.040080 0.000000
0.039279 0.000000
0.038477 0.000000
0.037675 0.000000
0.036874 0.000000
0.036072 0.000000
0.035271 0.000000
0.034469 0.000000
0.033667 0.000000
0.032866 0.000000
0.032064 0.000000
0.031263 0.000000
0.030461 0.000000
0.029659 0.000000
0.028858 0.000000
0.028056 0.000000
0.027255 0.000000
0.026453 0.000000
0.025651 0.000000
0.024850 0.000000
0.024048 0.000000
0.023246 0.000000
0.022445 0.000000
0.021643 0.000000
0.020842 0.000000
0.020040 0.000000
0.019238 0.000000
0.018437 0.000000
0.017635 0.000000
0.016834 -0.000000
0.016032 0.000000
0.015230 0.000000
0.014429 0.000000
0.013627 0.000000
0.012826 -0.000000
0.012024 0.000000
0.011222 0.000000
0.010421 0.000000
0.009619 0.000000
0.008818 0.000000
0.008016 0.000000
0.007214 0.000000
0.006413 0.000000
0.005611 0.000000
0.004810 0.000000
0.004008 0.000000
0.003206 -0.000000
0.002405 0.000000
0.001603 0.000000
0.000802 0.000000
0.000000 0.000000
