0.400000 0.936688
0.399198 0.936078
0.398397 0.935462
0.397595 0.934840
0.396794 0.934213
0.395992 0.933579
0.395190 0.932940
0.394389 0.932295
0.393587 0.931644
0.392786 0.930987
0.391984 0.930323
0.391182 0.929654
0.390381 0.928978
0.389579 0.928296
0.388778 0.927608
0.387976 0.926913
0.387174 0.926212
0.386373 0.925504
0.385571 0.924790
0.384770 0.924069
0.383968 0.923341
0.383166 0.922607
0.382365 0.921865
0.381563 0.921117
0.380762 0.920362
0.379960 0.919599
0.379158 0.918830
0.378357 0.918053
0.377555 0.917269
0.376754 0.916478
0.375952 0.915677
0.375150 0.914871
0.374349 0.914057
0.373547 0.913235
0.372745 0.912406
0.371944 0.911569
0.371142 0.910724
0.370341 0.909871
0.369539 0.909010
0.368737 0.908141
0.367936 0.907263
0.367134 0.906378
0.366333 0.905484
0.365531 0.904581
0.364729 0.903670
0.363928 0.902751
0.363126 0.901822
0.362325 0.900885
0.361523 0.899939
0.360721 0.898984
0.359920 0.898020
0.359118 0.897045
0.358317 0.896062
0.357515 0.895070
0.356713 0.894069
0.355912 0.893058
0.355110 0.892037
0.354309 0.891007
0.353507 0.889966
0.352705 0.888916
0.351904 0.887855
0.351102 0.886785
0.350301 0.885704
0.349499 0.884613
0.348697 0.883511
0.347896 0.882398
0.347094 0.881275
0.346293 0.880141
0.345491 0.878996
0.344689 0.877840
0.343888 0.876673
0.343086 0.875494
0.342285 0.874304
0.341483 0.873103
0.340681 0.871889
0.339880 0.870664
0.339078 0.869427
0.338277 0.868178
0.337475 0.866917
0.336673 0.865643
0.335872 0.864357
0.335070 0.863058
0.334269 0.861747
0.333467 0.860423
0.332665 0.859085
0.331864 0.857735
0.331062 0.856371
0.330261 0.854994
0.329459 0.853603
0.328657 0.852198
0.327856 0.850780
0.327054 0.849347
0.326253 0.847901
0.325451 0.846439
0.324649 0.844964
0.323848 0.843473
0.323046 0.841965
0.322244 0.840445
0.321443 0.838909
0.320641 0.837358
0.319840 0.835792
0.319038 0.834209
0.318236 0.832611
0.317435 0.830997
0.316633 0.829366
0.315832 0.827719
0.315030 0.826056
0.314228 0.824375
0.313427 0.822678
0.312625 0.820963
0.311824 0.819231
0.311022 0.817481
0.310220 0.815713
0.309419 0.813927
0.308617 0.812121
0.307816 0.810298
0.307014 0.808457
0.306212 0.806597
0.305411 0.804717
0.304609 0.802819
0.303808 0.800900
0.303006 0.798962
0.302204 0.797004
0.301403 0.795026
0.300601 0.793027
0.299800 0.791007
0.298998 0.788966
0.298196 0.786904
0.297395 0.784820
0.296593 0.782715
0.295792 0.780587
0.294990 0.778437
0.294188 0.776265
0.293387 0.774069
0.292585 0.771851
0.291784 0.769609
0.290982 0.767339
0.290180 0.765049
0.289379 0.762735
0.288577 0.760396
0.287776 0.758032
0.286974 0.755643
0.286172 0.753228
0.285371 0.750788
0.284569 0.748321
0.283768 0.745827
0.282966 0.743307
0.282164 0.740760
0.281363 0.738185
0.280561 0.735582
0.279760 0.732946
0.278958 0.730286
0.278156 0.727597
0.277355 0.724879
0.276553 0.722131
0.275752 0.719352
0.274950 0.716543
0.274148 0.713704
0.273347 0.710833
0.272545 0.707930
0.271743 0.704995
0.270942 0.702027
0.270140 0.699027
0.269339 0.695988
0.268537 0.692920
0.267735 0.689817
0.266934 0.686680
0.266132 0.683508
0.265331 0.680300
0.264529 0.677055
0.263727 0.673774
0.262926 0.670456
0.262124 0.667101
0.261323 0.663701
0.260521 0.660268
0.259719 0.656796
0.258918 0.653284
0.258116 0.649732
0.257315 0.646139
0.256513 0.642504
0.255711 0.638828
0.254910 0.635109
0.254108 0.631340
0.253307 0.627534
0.252505 0.623683
0.251703 0.619787
0.250902 0.615846
0.250100 0.611859
0.249299 0.607824
0.248497 0.603742
0.247695 0.599605
0.246894 0.595425
0.246092 0.591196
0.245291 0.586916
0.244489 0.582586
0.243687 0.578203
0.242886 0.573761
0.242084 0.569272
0.241283 0.564729
0.240481 0.560132
0.239679 0.555479
0.238878 0.550769
0.238076 0.545994
0.237275 0.541168
0.236473 0.536283
0.235671 0.531339
0.234870 0.526325
0.234068 0.521258
0.233267 0.516128
0.232465 0.510935
0.231663 0.505677
0.230862 0.500344
0.230060 0.494954
0.229259 0.489496
0.228457 0.483961
0.227655 0.478365
0.226854 0.472698
0.226052 0.466959
0.225251 0.461138
0.224449 0.455253
0.223647 0.449292
0.222846 0.443246
0.222044 0.437131
0.221242 0.430938
0.220441 0.424655
0.219639 0.418300
0.218838 0.411853
0.218036 0.405332
0.217234 0.398716
0.216433 0.392023
0.215631 0.385243
0.214830 0.378363
0.214028 0.371392
0.213226 0.364339
0.212425 0.357182
0.211623 0.349941
0.210822 0.342592
0.210020 0.335145
0.209218 0.327609
0.208417 0.319960
0.207615 0.312209
0.206814 0.304352
0.206012 0.296389
0.205210 0.288317
0.204409 0.280136
0.203607 0.271842
0.202806 0.263436
0.202004 0.254902
0.201202 0.246262
0.200401 0.237492
0.199599 0.228612
0.198798 0.219598
0.197996 0.210458
0.197194 0.201192
0.196393 0.191787
0.195591 0.182261
0.194790 0.172593
0.193988 0.162780
0.193186 0.152841
0.192385 0.142755
0.191583 0.132520
0.190782 0.122136
0.189980 0.111613
0.189178 0.100941
0.188377 0.090103
0.187575 0.079124
0.186774 0.067993
0.185972 0.056719
0.185170 0.045306
0.184369 0.033800
0.183567 0.022288
0.182766 0.011272
0.181964 0.003555
0.181162 0.001391
0.180361 0.000815
0.179559 0.000570
0.178758 0.000435
0.177956 0.000351
0.177154 0.000295
0.176353 0.000250
0.175551 0.000215
0.174749 0.000190
0.173948 0.000173
0.173146 0.000156
0.172345 0.000147
0.171543 0.000130
0.170741 0.000122
0.169940 0.000114
0.169138 0.000105
0.168337 0.000097
0.167535 0.000089
0.166733 0.000081
0.165932 0.000074
0.165130 0.000067
0.164329 0.000060
0.163527 0.000054
0.162725 0.000048
0.161924 0.000043
0.161122 0.000038
0.160321 0.000033
0.159519 0.000029
0.158717 0.000025
0.157916 0.000022
0.157114 0.000019
0.156313 0.000016
0.155511 0.000014
0.154709 0.000011
0.153908 0.000010
0.153106 0.000008
0.152305 0.000007
0.151503 0.000006
0.150701 0.000005
0.149900 0.000004
0.149098 0.000003
0.148297 0.000002
0.147495 0.000002
0.146693 0.000002
0.145892 0.000001
0.145090 0.000001
0.144289 0.000001
0.143487 0.000001
0.142685 0.000000
0.141884 0.000000
0.141082 0.000000
0.140281 0.000000
0.139479 0.000000
0.138677 0.000000
0.137876 0.000000
0.137074 0.000000
0.136273 0.000000
0.135471 0.000000
0.134669 0.000000
0.133868 0.000000
0.133066 0.000000
0.132265 0.000000
0.131463 0.000000
0.130661 0.000000
0.129860 0.000000
0.129058 0.000000
0.128257 0.000000
0.127455 0.000000
0.126653 0.000000
0.125852 0.000000
0.125050 0.000000
0.124248 0.000000
0.123447 0.000000
0.122645 0.000000
0.121844 0.000000
0.121042 0.000000
0.120240 0.000000
0.119439 0.000000
0.118637 0.000000
0.117836 0.000000
0.117034 0.000000
0.116232 0.000000
0.115431 0.000000
0.114629 0.000000
0.113828 0.000000
0.113026 0.000000
0.112224 0.000000
0.111423 0.000000
0.110621 0.000000
0.109820 0.000000
0.109018 0.000000
0.108216 0.000000
0.107415 0.000000
0.106613 0.000000
0.105812 0.000000
0.105010 0.000000
0.104208 0.000000
0.103407 0.000000
0.102605 0.000000
0.101804 0.000000
0.101002 0.000000
0.100200 0.000000
0.099399 0.000000
0.098597 0.000000
0.097796 0.000000
0.096994 0.000000
0.096192 0.000000
0.095391 0.000000
0.094589 0.000000
0.093788 0.000000
0.092986 0.000000
0.092184 0.000000
0.091383 0.000000
0.090581 0.000000
0.089780 0.000000
0.088978 0.000000
0.088176 0.000000
0.087375 0.000000
0.086573 0.000000
0.085772 0.000000
0.084970 0.000000
0.084168 0.000000
0.083367 0.000000
0.082565 0.000000
0.081764 -0.000000
0.080962 0.000000
0.080160 0.000000
0.079359 0.000000
0.078557 0.000000
0.077756 -0.000000
0.076954 0.000000
0.076152 0.000000
0.075351 0.000000
0.074549 0.000000
0.073747 -0.000000
0.072946 0.000000
0.072144 -0.000000
0.071343 0.000000
0.070541 0.000000
0.069739 0.000000
0.068938 0.000000
0.068136 0.000000
0.067335 0.000000
0.066533 0.000000
0.065731 0.000000
0.064930 0.000000
0.064128 -0.000000
0.063327 0.000000
0.062525 0.000000
0.061723 0.000000
0.060922 0.000000
0.060120 0.000000
0.059319 0.000000
0.058517 0.000000
0.057715 0.000000
0.056914 0.000000
0.056112 0.000000
0.055311 0.000000
0.054509 -0.000000
0.053707 0.000000
0.052906 0.000000
0.052104 0.000000
0.051303 0.000000
0.050501 -0.000000
0.049699 0.000000
0.048898 0.000000
0.048096 0.000000
0.047295 0.000000
0.046493 0.000000
0.045691 0.000000
0.044890 0.000000
0.044088 0.000000
0.043287 0.000000
0.042485 0.000000
0.041683 0.000000
0.040882 0.000000
0.040080 0.000000
0.039279 0.000000
0.038477 0.000000
0.037675 0.000000
0.036874 0.000000
0.036072 0.000000
0.035271 0.000000
0.034469 0.000000
0.033667 0.000000
0.032866 0.000000
0.032064 0.000000
0.031263 0.000000
0.030461 0.000000
0.029659 0.000000
0.028858 0.000000
0.028056 0.000000
0.027255 0.000000
0.026453 0.000000
0.025651 0.000000
0.024850 0.000000
0.024048 0.000000
0.023246 0.000000
0.022445 0.000000
0.021643 0.000000
0.020842 0.000000
0.020040 0.000000
0.019238 0.000000
0.018437 0.000000
0.017635 0.000000
0.016834 -0.000000
0.016032 0.000000
0.015230 0.000000
0.014429 0.000000
0.013627 0.000000
0.012826 -0.000000
0.012024 0.000000
0.011222 0.000000
0.010421 0.000000
0.009619 0.000000
0.008818 0.000000
0.008016 0.000000
0.007214 0.000000
0.006413 0.000000
0.005611 0.000000
0.004810 0.000000
0.004008 0.000000
0.003206 -0.000000
0.002405 0.000000
0.001603 0.000000
0.000802 0.000000
0.000000 0.000000
