0.400000 0.943132
0.399198 0.942608
0.398397 0.942081
0.397595 0.941548
0.396794 0.941011
0.395992 0.940469
0.395190 0.939923
0.394389 0.939372
0.393587 0.938816
0.392786 0.938255
0.391984 0.937689
0.391182 0.937118
0.390381 0.936543
0.389579 0.935962
0.388778 0.935376
0.387976 0.934786
0.387174 0.934190
0.386373 0.933588
0.385571 0.932982
0.384770 0.932370
0.383968 0.931753
0.383166 0.931131
0.382365 0.930503
0.381563 0.929869
0.380762 0.929230
0.379960 0.928586
0.379158 0.927935
0.378357 0.927280
0.377555 0.926618
0.376754 0.925950
0.375952 0.925277
0.375150 0.924598
0.374349 0.923913
0.373547 0.923221
0.372745 0.922524
0.371944 0.921821
0.371142 0.921111
0.370341 0.920395
0.369539 0.919673
0.368737 0.918944
0.367936 0.918209
0.367134 0.917467
0.366333 0.916719
0.365531 0.915965
0.364729 0.915203
0.363928 0.914435
0.363126 0.913660
0.362325 0.912878
0.361523 0.912089
0.360721 0.911293
0.359920 0.910491
0.359118 0.909681
0.358317 0.908863
0.357515 0.908039
0.356713 0.907207
0.355912 0.906368
0.355110 0.905521
0.354309 0.904666
0.353507 0.903804
0.352705 0.902934
0.351904 0.902057
0.351102 0.901171
0.350301 0.900278
0.349499 0.899377
0.348697 0.898466
0.347896 0.897548
0.347094 0.896622
0.346293 0.895688
0.345491 0.894745
0.344689 0.893793
0.343888 0.892833
0.343086 0.891865
0.342285 0.890887
0.341483 0.889901
0.340681 0.888906
0.339880 0.887901
0.339078 0.886888
0.338277 0.885865
0.337475 0.884833
0.336673 0.883791
0.335872 0.882740
0.335070 0.881680
0.334269 0.880609
0.333467 0.879529
0.332665 0.878439
0.331864 0.877339
0.331062 0.876229
0.330261 0.875108
0.329459 0.873977
0.328657 0.872836
0.327856 0.871684
0.327054 0.870522
0.326253 0.869348
0.325451 0.868164
0.324649 0.866969
0.323848 0.865763
0.323046 0.864545
0.322244 0.863316
0.321443 0.862076
0.320641 0.860823
0.319840 0.859560
0.319038 0.858284
0.318236 0.856996
0.317435 0.855697
0.316633 0.854385
0.315832 0.853060
0.315030 0.851723
0.314228 0.850371
0.313427 0.849009
0.312625 0.847633
0.311824 0.846245
0.311022 0.844843
0.310220 0.843428
0.309419 0.842000
0.308617 0.840557
0.307816 0.839101
0.307014 0.837631
0.306212 0.836147
0.305411 0.834648
0.304609 0.833136
0.303808 0.831608
0.303006 0.830066
0.302204 0.828508
0.301403 0.826936
0.300601 0.825348
0.299800 0.823745
0.298998 0.822126
0.298196 0.820492
0.297395 0.818841
0.296593 0.817174
0.295792 0.815491
0.294990 0.813792
0.294188 0.812075
0.293387 0.810342
0.292585 0.808591
0.291784 0.806823
0.290982 0.805038
0.290180 0.803231
0.289379 0.801410
0.288577 0.799570
0.287776 0.797712
0.286974 0.795836
0.286172 0.793940
0.285371 0.792026
0.284569 0.790092
0.283768 0.788138
0.282966 0.786165
0.282164 0.784172
0.281363 0.782159
0.280561 0.780125
0.279760 0.778070
0.278958 0.775994
0.278156 0.773897
0.277355 0.771779
0.276553 0.769638
0.275752 0.767476
0.274950 0.765291
0.274148 0.763084
0.273347 0.760854
0.272545 0.758596
0.271743 0.756319
0.270942 0.754018
0.270140 0.751693
0.269339 0.749343
0.268537 0.746969
0.267735 0.744570
0.266934 0.742145
0.266132 0.739695
0.265331 0.737219
0.264529 0.734717
0.263727 0.732187
0.262926 0.729631
0.262124 0.727047
0.261323 0.724436
0.260521 0.721792
0.259719 0.719124
0.258918 0.716427
0.258116 0.713700
0.257315 0.710944
0.256513 0.708158
0.255711 0.705342
0.254910 0.702495
0.254108 0.699616
0.253307 0.696706
0.252505 0.693764
0.251703 0.690789
0.250902 0.687781
0.250100 0.684735
0.249299 0.681659
0.248497 0.678549
0.247695 0.675405
0.246894 0.672225
0.246092 0.669009
0.245291 0.665757
0.244489 0.662468
0.243687 0.659141
0.242886 0.655777
0.242084 0.652369
0.241283 0.648927
0.240481 0.645446
0.239679 0.641924
0.238878 0.638362
0.238076 0.634759
0.237275 0.631113
0.236473 0.627426
0.235671 0.623695
0.234870 0.619915
0.234068 0.616095
0.233267 0.612231
0.232465 0.608322
0.231663 0.604366
0.230862 0.600363
0.230060 0.596312
0.229259 0.592206
0.228457 0.588058
0.227655 0.583859
0.226854 0.579610
0.226052 0.575309
0.225251 0.570957
0.224449 0.566551
0.223647 0.562084
0.222846 0.557570
0.222044 0.553000
0.221242 0.548374
0.220441 0.543690
0.219639 0.538941
0.218838 0.534140
0.218036 0.529279
0.217234 0.524358
0.216433 0.519374
0.215631 0.514320
0.214830 0.509210
0.214028 0.504034
0.213226 0.498793
0.212425 0.493477
0.211623 0.488101
0.210822 0.482655
0.210020 0.477139
0.209218 0.471544
0.208417 0.465883
0.207615 0.460149
0.206814 0.454332
0.206012 0.448447
0.205210 0.442484
0.204409 0.436434
0.203607 0.430312
0.202806 0.424108
0.202004 0.417813
0.201202 0.411442
0.200401 0.404986
0.199599 0.398433
0.198798 0.391801
0.197996 0.385069
0.197194 0.378254
0.196393 0.371337
0.195591 0.364334
0.194790 0.357225
0.193988 0.350018
0.193186 0.342720
0.192385 0.335311
0.191583 0.327808
0.190782 0.320189
0.189980 0.312463
0.189178 0.304628
0.188377 0.296682
0.187575 0.288623
0.186774 0.280458
0.185972 0.272156
0.185170 0.263745
0.184369 0.255213
0.183567 0.246557
0.182766 0.237775
0.181964 0.228855
0.181162 0.219815
0.180361 0.210632
0.179559 0.201315
0.178758 0.191860
0.177956 0.182267
0.177154 0.172521
0.176353 0.162643
0.175551 0.152597
0.174749 0.142415
0.173948 0.132073
0.173146 0.121570
0.172345 0.110917
0.171543 0.100104
0.170741 0.089121
0.169940 0.077984
0.169138 0.066683
0.168337 0.055236
0.167535 0.043651
0.166733 0.031995
0.165932 0.020450
0.165130 0.009820
0.164329 0.003398
0.163527 0.001567
0.162725 0.000974
0.161924 0.000701
0.161122 0.000542
0.160321 0.000443
0.159519 0.000374
0.158717 0.000320
0.157916 0.000280
0.157114 0.000241
0.156313 0.000216
0.155511 0.000203
0.154709 0.000178
0.153908 0.000165
0.153106 0.000153
0.152305 0.000141
0.151503 0.000129
0.150701 0.000117
0.149900 0.000106
0.149098 0.000096
0.148297 0.000085
0.147495 0.000076
0.146693 0.000067
0.145892 0.000059
0.145090 0.000052
0.144289 0.000045
0.143487 0.000039
0.142685 0.000033
0.141884 0.000028
0.141082 0.000024
0.140281 0.000020
0.139479 0.000017
0.138677 0.000014
0.137876 0.000012
0.137074 0.000010
0.136273 0.000008
0.135471 0.000006
0.134669 0.000005
0.133868 0.000004
0.133066 0.000003
0.132265 0.000003
0.131463 0.000002
0.130661 0.000002
0.129860 0.000001
0.129058 0.000001
0.128257 0.000001
0.127455 0.000001
0.126653 0.000000
0.125852 0.000000
0.125050 0.000000
0.124248 0.000000
0.123447 0.000000
0.122645 0.000000
0.121844 0.000000
0.121042 0.000000
0.120240 0.000000
0.119439 0.000000
0.118637 0.000000
0.117836 0.000000
0.117034 0.000000
0.116232 0.000000
0.115431 0.000000
0.114629 0.000000
0.113828 0.000000
0.113026 0.000000
0.112224 0.000000
0.111423 0.000000
0.110621 0.000000
0.109820 0.000000
0.109018 0.000000
0.108216 0.000000
0.107415 0.000000
0.106613 0.000000
0.105812 0.000000
0.105010 0.000000
0.104208 0.000000
0.103407 0.000000
0.102605 0.000000
0.101804 0.000000
0.101002 0.000000
0.100200 0.000000
0.099399 0.000000
0.098597 0.000000
0.097796 0.000000
0.096994 0.000000
0.096192 0.000000
0.095391 0.000000
0.094589 0.000000
0.093788 0.000000
0.092986 0.000000
0.092184 0.000000
0.091383 0.000000
0.090581 0.000000
0.089780 0.000000
0.088978 0.000000
0.088176 0.000000
0.087375 0.000000
0.086573 0.000000
0.085772 0.000000
0.084970 0.000000
0.084168 0.000000
0.083367 0.000000
0.082565 0.000000
0.081764 -0.000000
0.080962 0.000000
0.080160 0.000000
0.079359 0.000000
0.078557 0.000000
0.077756 -0.000000
0.076954 0.000000
0.076152 0.000000
0.075351 0.000000
0.074549 0.000000
0.073747 -0.000000
0.072946 0.000000
0.072144 -0.000000
0.071343 0.000000
0.070541 0.000000
0.069739 0.000000
0.068938 0.000000
0.068136 0.000000
0.067335 0.000000
0.066533 0.000000
0.065731 0.000000
0.064930 0.000000
0.064128 -0.000000
0.063327 0.000000
0.062525 0.000000
0.061723 0.000000
0.060922 0.000000
0.060120 0.000000
0.059319 0.000000
0.058517 0.000000
0.057715 0.000000
0.056914 0.000000
0.056112 0.000000
0.055311 0.000000
0.054509 -0.000000
0.053707 0.000000
0.052906 0.000000
0.052104 0.000000
0.051303 0.000000
0.050501 -0.000000
0.049699 0.000000
0.048898 0.000000
0.048096 0.000000
0.047295 0.000000
0.046493 0.000000
0.045691 0.000000
0.044890 0.000000
0.044088 0.000000
0.043287 0.000000
0.042485 0.000000
0.041683 0.000000
0.040882 0.000000
0.040080 0.000000
0.039279 0.000000
0.038477 0.000000
0.037675 0.000000
0.036874 0.000000
0.036072 0.000000
0.035271 0.000000
0.034469 0.000000
0.033667 0.000000
0.032866 0.000000
0.032064 0.000000
0.031263 0.000000
0.030461 0.000000
0.029659 0.000000
0.028858 0.000000
0.028056 0.000000
0.027255 0.000000
0.026453 0.000000
0.025651 0.000000
0.024850 0.000000
0.024048 0.000000
0.023246 0.000000
0.022445 0.000000
0.021643 0.000000
0.020842 0.000000
0.020040 0.000000
0.019238 0.000000
0.018437 0.000000
0.017635 0.000000
0.016834 -0.000000
0.016032 0.000000
0.015230 0.000000
0.014429 0.000000
0.013627 0.000000
0.012826 -0.000000
0.012024 0.000000
0.011222 0.000000
0.010421 0.000000
0.009619 0.000000
0.008818 0.000000
0.008016 0.000000
0.007214 0.000000
0.006413 0.000000
0.005611 0.000000
0.004810 0.000000
0.004008 0.000000
0.003206 -0.000000
0.002405 0.000000
0.001603 0.000000
0.000802 0.000000
0.000000 0.000000
