0.400000 0.925869
0.399198 0.925098
0.398397 0.924319
0.397595 0.923532
0.396794 0.922737
0.395992 0.921934
0.395190 0.921123
0.394389 0.920304
0.393587 0.919476
0.392786 0.918639
0.391984 0.917794
0.391182 0.916940
0.390381 0.916077
0.389579 0.915206
0.388778 0.914325
0.387976 0.913435
0.387174 0.912537
0.386373 0.911628
0.385571 0.910711
0.384770 0.909784
0.383968 0.908847
0.383166 0.907901
0.382365 0.906944
0.381563 0.905978
0.380762 0.905002
0.379960 0.904016
0.379158 0.903019
0.378357 0.902012
0.377555 0.900994
0.376754 0.899966
0.375952 0.898925
0.375150 0.897875
0.374349 0.896814
0.373547 0.895743
0.372745 0.894660
0.371944 0.893565
0.371142 0.892459
0.370341 0.891342
0.369539 0.890213
0.368737 0.889072
0.367936 0.887919
0.367134 0.886754
0.366333 0.885576
0.365531 0.884387
0.364729 0.883184
0.363928 0.881969
0.363126 0.880742
0.362325 0.879501
0.361523 0.878247
0.360721 0.876980
0.359920 0.875699
0.359118 0.874405
0.358317 0.873097
0.357515 0.871776
0.356713 0.870440
0.355912 0.869090
0.355110 0.867726
0.354309 0.866347
0.353507 0.864953
0.352705 0.863545
0.351904 0.862122
0.351102 0.860679
0.350301 0.859225
0.349499 0.857755
0.348697 0.856270
0.347896 0.854768
0.347094 0.853251
0.346293 0.851717
0.345491 0.850167
0.344689 0.848600
0.343888 0.847016
0.343086 0.845415
0.342285 0.843796
0.341483 0.842161
0.340681 0.840507
0.339880 0.838836
0.339078 0.837146
0.338277 0.835438
0.337475 0.833712
0.336673 0.831967
0.335872 0.830203
0.335070 0.828419
0.334269 0.826617
0.333467 0.824790
0.332665 0.822947
0.331864 0.821084
0.331062 0.819201
0.330261 0.817297
0.329459 0.815372
0.328657 0.813427
0.327856 0.811459
0.327054 0.809470
0.326253 0.807459
0.325451 0.805426
0.324649 0.803371
0.323848 0.801292
0.323046 0.799191
0.322244 0.797066
0.321443 0.794918
0.320641 0.792746
0.319840 0.790544
0.319038 0.788323
0.318236 0.786078
0.317435 0.783807
0.316633 0.781510
0.315832 0.779188
0.315030 0.776840
0.314228 0.774466
0.313427 0.772065
0.312625 0.769636
0.311824 0.767181
0.311022 0.764698
0.310220 0.762186
0.309419 0.759646
0.308617 0.757078
0.307816 0.754475
0.307014 0.751847
0.306212 0.749190
0.305411 0.746502
0.304609 0.743784
0.303808 0.741034
0.303006 0.738254
0.302204 0.735441
0.301403 0.732596
0.300601 0.729719
0.299800 0.726808
0.298998 0.723858
0.298196 0.720879
0.297395 0.717866
0.296593 0.714819
0.295792 0.711736
0.294990 0.708617
0.294188 0.705462
0.293387 0.702270
0.292585 0.699041
0.291784 0.695774
0.290982 0.692463
0.290180 0.689119
0.289379 0.685736
0.288577 0.682313
0.287776 0.678850
0.286974 0.675346
0.286172 0.671801
0.285371 0.668214
0.284569 0.664584
0.283768 0.660904
0.282966 0.657188
0.282164 0.653427
0.281363 0.649622
0.280561 0.645771
0.279760 0.641874
0.278958 0.637930
0.278156 0.633931
0.277355 0.629892
0.276553 0.625804
0.275752 0.621667
0.274950 0.617480
0.274148 0.613243
0.273347 0.608946
0.272545 0.604604
0.271743 0.600210
0.270942 0.595762
0.270140 0.591260
0.269339 0.586703
0.268537 0.582082
0.267735 0.577412
0.266934 0.572685
0.266132 0.567900
0.265331 0.563047
0.264529 0.558143
0.263727 0.553177
0.262926 0.548151
0.262124 0.543061
0.261323 0.537900
0.260521 0.532683
0.259719 0.527400
0.258918 0.522052
0.258116 0.516627
0.257315 0.511143
0.256513 0.505590
0.255711 0.499958
0.254910 0.494264
0.254108 0.488497
0.253307 0.482648
0.252505 0.476734
0.251703 0.470744
0.250902 0.464669
0.250100 0.458525
0.249299 0.452302
0.248497 0.445990
0.247695 0.439606
0.246894 0.433130
0.246092 0.426580
0.245291 0.419935
0.244489 0.413214
0.243687 0.406406
0.242886 0.399498
0.242084 0.392501
0.241283 0.385422
0.240481 0.378239
0.239679 0.370974
0.238878 0.363601
0.238076 0.356132
0.237275 0.348574
0.236473 0.340906
0.235671 0.333135
0.234870 0.325262
0.234068 0.317283
0.233267 0.309198
0.232465 0.301017
0.231663 0.292703
0.230862 0.284288
0.230060 0.275761
0.229259 0.267119
0.228457 0.258361
0.227655 0.249473
0.226854 0.240477
0.226052 0.231347
0.225251 0.222093
0.224449 0.212715
0.223647 0.203210
0.222846 0.193576
0.222044 0.183800
0.221242 0.173905
0.220441 0.163865
0.219639 0.153678
0.218838 0.143356
0.218036 0.132899
0.217234 0.122294
0.216433 0.111542
0.215631 0.100645
0.214830 0.089609
0.214028 0.078427
0.213226 0.067116
0.212425 0.055674
0.211623 0.044138
0.210822 0.032589
0.210020 0.021246
0.209218 0.010979
0.208417 0.004504
0.207615 0.002216
0.206814 0.001405
0.206012 0.001006
0.205210 0.000790
0.204409 0.000644
0.203607 0.000534
0.202806 0.000472
0.202004 0.000410
0.201202 0.000364
0.200401 0.000319
0.199599 0.000290
0.198798 0.000275
0.197996 0.000246
0.197194 0.000232
0.196393 0.000217
0.195591 0.000202
0.194790 0.000188
0.193988 0.000174
0.193186 0.000160
0.192385 0.000147
0.191583 0.000134
0.190782 0.000122
0.189980 0.000110
0.189178 0.000099
0.188377 0.000089
0.187575 0.000079
0.186774 0.000070
0.185972 0.000062
0.185170 0.000055
0.184369 0.000048
0.183567 0.000042
0.182766 0.000036
0.181964 0.000031
0.181162 0.000027
0.180361 0.000023
0.179559 0.000020
0.178758 0.000017
0.177956 0.000014
0.177154 0.000012
0.176353 0.000010
0.175551 0.000008
0.174749 0.000007
0.173948 0.000006
0.173146 0.000005
0.172345 0.000004
0.171543 0.000003
0.170741 0.000002
0.169940 0.000002
0.169138 0.000002
0.168337 0.000001
0.167535 0.000001
0.166733 0.000001
0.165932 0.000001
0.165130 0.000000
0.164329 0.000000
0.163527 0.000000
0.162725 0.000000
0.161924 0.000000
0.161122 0.000000
0.160321 0.000000
0.159519 0.000000
0.158717 0.000000
0.157916 0.000000
0.157114 0.000000
0.156313 0.000000
0.155511 0.000000
0.154709 0.000000
0.153908 0.000000
0.153106 0.000000
0.152305 0.000000
0.151503 0.000000
0.150701 0.000000
0.149900 0.000000
0.149098 0.000000
0.148297 0.000000
0.147495 0.000000
0.146693 0.000000
0.145892 0.000000
0.145090 0.000000
0.144289 0.000000
0.143487 0.000000
0.142685 0.000000
0.141884 0.000000
0.141082 0.000000
0.140281 0.000000
0.139479 0.000000
0.138677 0.000000
0.137876 0.000000
0.137074 0.000000
0.136273 0.000000
0.135471 0.000000
0.134669 0.000000
0.133868 0.000000
0.133066 0.000000
0.132265 0.000000
0.131463 0.000000
0.130661 0.000000
0.129860 0.000000
0.129058 0.000000
0.128257 0.000000
0.127455 0.000000
0.126653 0.000000
0.125852 0.000000
0.125050 0.000000
0.124248 0.000000
0.123447 0.000000
0.122645 0.000000
0.121844 0.000000
0.121042 0.000000
0.120240 0.000000
0.119439 -0.000000
0.118637 0.000000
0.117836 0.000000
0.117034 0.000000
0.116232 0.000000
0.115431 0.000000
0.114629 0.000000
0.113828 0.000000
0.113026 0.000000
0.112224 0.000000
0.111423 0.000000
0.110621 0.000000
0.109820 0.000000
0.109018 0.000000
0.108216 0.000000
0.107415 0.000000
0.106613 0.000000
0.105812 0.000000
0.105010 0.000000
0.104208 0.000000
0.103407 0.000000
0.102605 0.000000
0.101804 0.000000
0.101002 0.000000
0.100200 0.000000
0.099399 0.000000
0.098597 0.000000
0.097796 0.000000
0.096994 0.000000
0.096192 0.000000
0.095391 0.000000
0.094589 0.000000
0.093788 0.000000
0.092986 0.000000
0.092184 0.000000
0.091383 0.000000
0.090581 0.000000
0.089780 0.000000
0.088978 0.000000
0.088176 0.000000
0.087375 0.000000
0.086573 0.000000
0.085772 0.000000
0.084970 0.000000
0.084168 0.000000
0.083367 0.000000
0.082565 0.000000
0.081764 -0.000000
0.080962 0.000000
0.080160 0.000000
0.079359 0.000000
0.078557 0.000000
0.077756 -0.000000
0.076954 0.000000
0.076152 0.000000
0.075351 0.000000
0.074549 0.000000
0.073747 -0.000000
0.072946 0.000000
0.072144 -0.000000
0.071343 0.000000
0.070541 0.000000
0.069739 0.000000
0.068938 0.000000
0.068136 0.000000
0.067335 0.000000
0.066533 0.000000
0.065731 0.000000
0.064930 0.000000
0.064128 -0.000000
0.063327 0.000000
0.062525 0.000000
0.061723 0.000000
0.060922 0.000000
0.060120 0.000000
0.059319 0.000000
0.058517 0.000000
0.057715 0.000000
0.056914 0.000000
0.056112 0.000000
0.055311 0.000000
0.054509 -0.000000
0.053707 0.000000
0.052906 0.000000
0.052104 0.000000
0.051303 0.000000
0.050501 -0.000000
0.049699 0.000000
0.048898 0.000000
0.048096 0.000000
0.047295 0.000000
0.046493 0.000000
0.045691 0.000000
0.044890 0.000000
0.044088 0.000000
0.043287 0.000000
0.042485 0.000000
0.041683 0.000000
0.040882 0.000000
0.040080 0.000000
0.039279 0.000000
0.038477 0.000000
0.037675 0.000000
0.036874 0.000000
0.036072 0.000000
0.035271 0.000000
0.034469 0.000000
0.033667 0.000000
0.032866 0.000000
0.032064 0.000000
0.031263 0.000000
0.030461 0.000000
0.029659 0.000000
0.028858 0.000000
0.028056 0.000000
0.027255 0.000000
0.026453 0.000000
0.025651 0.000000
0.024850 0.000000
0.024048 0.000000
0.023246 0.000000
0.022445 0.000000
0.021643 0.000000
0.020842 0.000000
0.020040 0.000000
0.019238 0.000000
0.018437 0.000000
0.017635 0.000000
0.016834 -0.000000
0.016032 0.000000
0.015230 0.000000
0.014429 0.000000
0.013627 0.000000
0.012826 -0.000000
0.012024 0.000000
0.011222 0.000000
0.010421 0.000000
0.009619 0.000000
0.008818 0.000000
0.008016 0.000000
0.007214 0.000000
0.006413 0.000000
0.005611 0.000000
0.004810 0.000000
0.004008 0.000000
0.003206 -0.000000
0.002405 0.000000
0.001603 0.000000
0.000802 0.000000
0.000000 0.000000
