0.400000 0.927155
0.399198 0.926406
0.398397 0.925649
0.397595 0.924885
0.396794 0.924113
0.395992 0.923333
0.395190 0.922546
0.394389 0.921750
0.393587 0.920947
0.392786 0.920135
0.391984 0.919315
0.391182 0.918487
0.390381 0.917650
0.389579 0.916805
0.388778 0.915951
0.387976 0.915089
0.387174 0.914218
0.386373 0.913338
0.385571 0.912449
0.384770 0.911551
0.383968 0.910644
0.383166 0.909728
0.382365 0.908802
0.381563 0.907867
0.380762 0.906923
0.379960 0.905968
0.379158 0.905004
0.378357 0.904031
0.377555 0.903047
0.376754 0.902053
0.375952 0.901049
0.375150 0.900035
0.374349 0.899010
0.373547 0.897972
0.372745 0.896927
0.371944 0.895870
0.371142 0.894803
0.370341 0.893724
0.369539 0.892635
0.368737 0.891534
0.367936 0.890422
0.367134 0.889298
0.366333 0.888163
0.365531 0.887017
0.364729 0.885858
0.363928 0.884687
0.363126 0.883505
0.362325 0.882310
0.361523 0.881102
0.360721 0.879883
0.359920 0.878650
0.359118 0.877405
0.358317 0.876147
0.357515 0.874875
0.356713 0.873591
0.355912 0.872293
0.355110 0.870982
0.354309 0.869657
0.353507 0.868318
0.352705 0.866965
0.351904 0.865598
0.351102 0.864217
0.350301 0.862821
0.349499 0.861411
0.348697 0.859982
0.347896 0.858542
0.347094 0.857086
0.346293 0.855616
0.345491 0.854130
0.344689 0.852628
0.343888 0.851110
0.343086 0.849577
0.342285 0.848027
0.341483 0.846461
0.340681 0.844878
0.339880 0.843279
0.339078 0.841662
0.338277 0.840029
0.337475 0.838378
0.336673 0.836709
0.335872 0.835023
0.335070 0.833319
0.334269 0.831597
0.333467 0.829856
0.332665 0.828097
0.331864 0.826319
0.331062 0.824517
0.330261 0.822701
0.329459 0.820865
0.328657 0.819009
0.327856 0.817133
0.327054 0.815237
0.326253 0.813321
0.325451 0.811384
0.324649 0.809426
0.323848 0.807447
0.323046 0.805447
0.322244 0.803425
0.321443 0.801381
0.320641 0.799315
0.319840 0.797226
0.319038 0.795115
0.318236 0.792981
0.317435 0.790823
0.316633 0.788637
0.315832 0.786432
0.315030 0.784203
0.314228 0.781949
0.313427 0.779671
0.312625 0.777367
0.311824 0.775039
0.311022 0.772684
0.310220 0.770304
0.309419 0.767898
0.308617 0.765465
0.307816 0.763005
0.307014 0.760517
0.306212 0.758003
0.305411 0.755460
0.304609 0.752883
0.303808 0.750283
0.303006 0.747654
0.302204 0.744996
0.301403 0.742308
0.300601 0.739590
0.299800 0.736842
0.298998 0.734063
0.298196 0.731252
0.297395 0.728410
0.296593 0.725536
0.295792 0.722624
0.294990 0.719684
0.294188 0.716711
0.293387 0.713704
0.292585 0.710664
0.291784 0.707588
0.290982 0.704478
0.290180 0.701333
0.289379 0.698151
0.288577 0.694933
0.287776 0.691678
0.286974 0.688380
0.286172 0.685049
0.285371 0.681681
0.284569 0.678274
0.283768 0.674827
0.282966 0.671341
0.282164 0.667814
0.281363 0.664247
0.280561 0.660631
0.279760 0.656980
0.278958 0.653286
0.278156 0.649549
0.277355 0.645769
0.276553 0.641944
0.275752 0.638075
0.274950 0.634153
0.274148 0.630192
0.273347 0.626184
0.272545 0.622129
0.271743 0.618026
0.270942 0.613875
0.270140 0.609674
0.269339 0.605416
0.268537 0.601114
0.267735 0.596762
0.266934 0.592357
0.266132 0.587900
0.265331 0.583381
0.264529 0.578816
0.263727 0.574196
0.262926 0.569521
0.262124 0.564789
0.261323 0.559991
0.260521 0.555144
0.259719 0.550238
0.258918 0.545272
0.258116 0.540246
0.257315 0.535149
0.256513 0.529999
0.255711 0.524786
0.254910 0.519509
0.254108 0.514158
0.253307 0.508750
0.252505 0.503276
0.251703 0.497724
0.250902 0.492113
0.250100 0.486432
0.249299 0.480681
0.248497 0.474848
0.247695 0.468953
0.246894 0.462973
0.246092 0.456929
0.245291 0.450808
0.244489 0.444601
0.243687 0.438325
0.242886 0.431970
0.242084 0.425524
0.241283 0.419007
0.240481 0.412396
0.239679 0.405712
0.238878 0.398932
0.238076 0.392075
0.237275 0.385120
0.236473 0.378087
0.235671 0.370952
0.234870 0.363725
0.234068 0.356416
0.233267 0.349001
0.232465 0.341490
0.231663 0.333881
0.230862 0.326184
0.230060 0.318376
0.229259 0.310466
0.228457 0.302452
0.227655 0.294333
0.226854 0.286107
0.226052 0.277773
0.225251 0.269329
0.224449 0.260762
0.223647 0.252093
0.222846 0.243310
0.222044 0.234399
0.221242 0.225369
0.220441 0.216232
0.219639 0.206962
0.218838 0.197556
0.218036 0.188038
0.217234 0.178395
0.216433 0.168611
0.215631 0.158700
0.214830 0.148646
0.214028 0.138462
0.213226 0.128135
0.212425 0.117678
0.211623 0.107081
0.210822 0.096345
0.210020 0.085462
0.209218 0.074456
0.208417 0.063317
0.207615 0.052062
0.206814 0.040736
0.206012 0.029429
0.205210 0.018444
0.204409 0.008939
0.203607 0.003711
0.202806 0.001963
0.202004 0.001289
0.201202 0.000949
0.200401 0.000753
0.199599 0.000610
0.198798 0.000517
0.197996 0.000456
0.197194 0.000395
0.196393 0.000350
0.195591 0.000321
0.194790 0.000291
0.193988 0.000262
0.193186 0.000248
0.192385 0.000233
0.191583 0.000204
0.190782 0.000191
0.189980 0.000177
0.189178 0.000164
0.188377 0.000151
0.187575 0.000138
0.186774 0.000126
0.185972 0.000114
0.185170 0.000104
0.184369 0.000093
0.183567 0.000084
0.182766 0.000075
0.181964 0.000066
0.181162 0.000059
0.180361 0.000052
0.179559 0.000045
0.178758 0.000039
0.177956 0.000034
0.177154 0.000030
0.176353 0.000025
0.175551 0.000022
0.174749 0.000019
0.173948 0.000016
0.173146 0.000013
0.172345 0.000011
0.171543 0.000009
0.170741 0.000008
0.169940 0.000006
0.169138 0.000005
0.168337 0.000004
0.167535 0.000004
0.166733 0.000003
0.165932 0.000002
0.165130 0.000002
0.164329 0.000001
0.163527 0.000001
0.162725 0.000001
0.161924 0.000001
0.161122 0.000001
0.160321 0.000000
0.159519 0.000000
0.158717 0.000000
0.157916 0.000000
0.157114 0.000000
0.156313 0.000000
0.155511 0.000000
0.154709 0.000000
0.153908 0.000000
0.153106 0.000000
0.152305 0.000000
0.151503 0.000000
0.150701 0.000000
0.149900 0.000000
0.149098 0.000000
0.148297 0.000000
0.147495 0.000000
0.146693 0.000000
0.145892 0.000000
0.145090 0.000000
0.144289 0.000000
0.143487 0.000000
0.142685 0.000000
0.141884 0.000000
0.141082 0.000000
0.140281 0.000000
0.139479 0.000000
0.138677 0.000000
0.137876 0.000000
0.137074 0.000000
0.136273 0.000000
0.135471 0.000000
0.134669 0.000000
0.133868 0.000000
0.133066 0.000000
0.132265 0.000000
0.131463 0.000000
0.130661 0.000000
0.129860 0.000000
0.129058 0.000000
0.128257 0.000000
0.127455 0.000000
0.126653 0.000000
0.125852 0.000000
0.125050 0.000000
0.124248 0.000000
0.123447 0.000000
0.122645 0.000000
0.121844 0.000000
0.121042 0.000000
0.120240 0.000000
0.119439 0.000000
0.118637 0.000000
0.117836 0.000000
0.117034 0.000000
0.116232 0.000000
0.115431 0.000000
0.114629 0.000000
0.113828 0.000000
0.113026 0.000000
0.112224 0.000000
0.111423 0.000000
0.110621 0.000000
0.109820 0.000000
0.109018 0.000000
0.108216 0.000000
0.107415 0.000000
0.106613 0.000000
0.105812 0.000000
0.105010 0.000000
0.104208 0.000000
0.103407 0.000000
0.102605 0.000000
0.101804 0.000000
0.101002 0.000000
0.100200 0.000000
0.099399 0.000000
0.098597 0.000000
0.097796 0.000000
0.096994 0.000000
0.096192 0.000000
0.095391 0.000000
0.094589 0.000000
0.093788 0.000000
0.092986 0.000000
0.092184 0.000000
0.091383 0.000000
0.090581 0.000000
0.089780 0.000000
0.088978 0.000000
0.088176 0.000000
0.087375 0.000000
0.086573 0.000000
0.085772 0.000000
0.084970 0.000000
0.084168 0.000000
0.083367 0.000000
0.082565 0.000000
0.081764 -0.000000
0.080962 0.000000
0.080160 0.000000
0.079359 0.000000
0.078557 0.000000
0.077756 -0.000000
0.076954 0.000000
0.076152 0.000000
0.075351 0.000000
0.074549 0.000000
0.073747 -0.000000
0.072946 0.000000
0.072144 -0.000000
0.071343 0.000000
0.070541 0.000000
0.069739 0.000000
0.068938 0.000000
0.068136 0.000000
0.067335 0.000000
0.066533 0.000000
0.065731 0.000000
0.064930 0.000000
0.064128 -0.000000
0.063327 0.000000
0.062525 0.000000
0.061723 0.000000
0.060922 0.000000
0.060120 0.000000
0.059319 0.000000
0.058517 0.000000
0.057715 0.000000
0.056914 0.000000
0.056112 0.000000
0.055311 0.000000
0.054509 -0.000000
0.053707 0.000000
0.052906 0.000000
0.052104 0.000000
0.051303 0.000000
0.050501 -0.000000
0.049699 0.000000
0.048898 0.000000
0.048096 0.000000
0.047295 0.000000
0.046493 0.000000
0.045691 0.000000
0.044890 0.000000
0.044088 0.000000
0.043287 0.000000
0.042485 0.000000
0.041683 0.000000
0.040882 0.000000
0.040080 0.000000
0.039279 0.000000
0.038477 0.000000
0.037675 0.000000
0.036874 0.000000
0.036072 0.000000
0.035271 0.000000
0.034469 0.000000
0.033667 0.000000
0.032866 0.000000
0.032064 0.000000
0.031263 0.000000
0.030461 0.000000
0.029659 0.000000
0.028858 0.000000
0.028056 0.000000
0.027255 0.000000
0.026453 0.000000
0.025651 0.000000
0.024850 0.000000
0.024048 0.000000
0.023246 0.000000
0.022445 0.000000
0.021643 0.000000
0.020842 0.000000
0.020040 0.000000
0.019238 0.000000
0.018437 0.000000
0.017635 0.000000
0.016834 -0.000000
0.016032 0.000000
0.015230 0.000000
0.014429 0.000000
0.013627 0.000000
0.012826 -0.000000
0.012024 0.000000
0.011222 0.000000
0.010421 0.000000
0.009619 0.000000
0.008818 0.000000
0.008016 0.000000
0.007214 0.000000
0.006413 0.000000
0.005611 0.000000
0.004810 0.000000
0.004008 0.000000
0.003206 -0.000000
0.002405 0.000000
0.001603 0.000000
0.000802 0.000000
0.000000 0.000000
