0.211633 nan
0.212011 nan
0.212388 nan
0.212766 nan
0.213143 nan
0.213521 nan
0.213898 nan
0.214276 nan
0.214653 nan
0.215030 nan
0.215408 nan
0.215785 nan
0.216163 nan
0.216540 nan
0.216918 nan
0.217295 nan
0.217673 nan
0.218050 nan
0.218428 nan
0.218805 nan
0.219183 nan
0.219560 nan
0.219938 nan
0.220315 nan
0.220692 nan
0.221070 nan
0.221447 nan
0.221825 nan
0.222202 nan
0.222580 nan
0.222957 nan
0.223335 nan
0.223712 nan
0.224090 nan
0.224467 nan
0.224845 nan
0.225222 nan
0.225600 nan
0.225977 nan
0.226355 nan
0.226732 nan
0.227109 nan
0.227487 nan
0.227864 nan
0.228242 nan
0.228619 nan
0.228997 nan
0.229374 nan
0.229752 nan
0.230129 nan
0.230507 nan
0.230884 nan
0.231262 nan
0.231639 nan
0.232017 nan
0.232394 nan
0.232771 nan
0.233149 nan
0.233526 nan
0.233904 nan
0.234281 nan
0.234659 nan
0.235036 nan
0.235414 nan
0.235791 nan
0.236169 nan
0.236546 nan
0.236924 nan
0.237301 nan
0.237679 nan
0.238056 nan
0.238434 nan
0.238811 nan
0.239188 nan
0.239566 nan
0.239943 nan
0.240321 nan
0.240698 nan
0.241076 nan
0.241453 nan
0.241831 nan
0.242208 nan
0.242586 nan
0.242963 nan
0.243341 nan
0.243718 nan
0.244096 nan
0.244473 nan
0.244850 nan
0.245228 nan
0.245605 nan
0.245983 nan
0.246360 nan
0.246738 nan
0.247115 nan
0.247493 nan
0.247870 nan
0.248248 nan
0.248625 nan
0.249003 nan
0.249380 nan
0.249758 nan
0.250135 nan
0.250512 nan
0.250890 nan
0.251267 nan
0.251645 nan
0.252022 nan
0.252400 nan
0.252777 nan
0.253155 nan
0.253532 nan
0.253910 nan
0.254287 nan
0.254665 nan
0.255042 nan
0.255420 nan
0.255797 nan
0.256175 nan
0.256552 nan
0.256929 nan
0.257307 nan
0.257684 nan
0.258062 nan
0.258439 nan
0.258817 nan
0.259194 nan
0.259572 nan
0.259949 nan
0.260327 nan
0.260704 nan
0.261082 nan
0.261459 nan
0.261837 nan
0.262214 nan
0.262591 nan
0.262969 nan
0.263346 nan
0.263724 nan
0.264101 nan
0.264479 nan
0.264856 nan
0.265234 nan
0.265611 nan
0.265989 nan
0.266366 nan
0.266744 nan
0.267121 nan
0.267499 nan
0.267876 nan
0.268254 nan
0.268631 nan
0.269008 nan
0.269386 nan
0.269763 nan
0.270141 nan
0.270518 nan
0.270896 nan
0.271273 nan
0.271651 nan
0.272028 nan
0.272406 nan
0.272783 nan
0.273161 nan
0.273538 nan
0.273916 nan
0.274293 nan
0.274670 nan
0.275048 nan
0.275425 nan
0.275803 nan
0.276180 nan
0.276558 nan
0.276935 nan
0.277313 nan
0.277690 nan
0.278068 nan
0.278445 nan
0.278823 nan
0.279200 nan
0.279578 nan
0.279955 nan
0.280333 nan
0.280710 nan
0.281087 nan
0.281465 nan
0.281842 nan
0.282220 nan
0.282597 nan
0.282975 nan
0.283352 nan
0.283730 nan
0.284107 nan
0.284485 nan
0.284862 nan
0.285240 nan
0.285617 nan
0.285995 nan
0.286372 nan
0.286749 nan
0.287127 nan
0.287504 nan
0.287882 nan
0.288259 nan
0.288637 nan
0.289014 nan
0.289392 nan
0.289769 nan
0.290147 nan
0.290524 nan
0.290902 nan
0.291279 nan
0.291657 nan
0.292034 nan
0.292411 nan
0.292789 nan
0.293166 nan
0.293544 nan
0.293921 nan
0.294299 nan
0.294676 nan
0.295054 nan
0.295431 nan
0.295809 nan
0.296186 nan
0.296564 nan
0.296941 nan
0.297319 nan
0.297696 nan
0.298074 nan
0.298451 nan
0.298828 nan
0.299206 nan
0.299583 nan
0.299961 nan
0.300338 nan
0.300716 nan
0.301093 nan
0.301471 nan
0.301848 nan
0.302226 nan
0.302603 nan
0.302981 nan
0.303358 nan
0.303736 nan
0.304113 nan
0.304490 nan
0.304868 nan
0.305245 nan
0.305623 nan
0.306000 nan
0.306378 nan
0.306755 nan
0.307133 nan
0.307510 nan
0.307888 nan
0.308265 nan
0.308643 nan
0.309020 nan
0.309398 nan
0.309775 nan
0.310153 nan
0.310530 nan
0.310907 nan
0.311285 nan
0.311662 nan
0.312040 nan
0.312417 nan
0.312795 nan
0.313172 nan
0.313550 nan
0.313927 nan
0.314305 nan
0.314682 nan
0.315060 nan
0.315437 nan
0.315815 nan
0.316192 nan
0.316569 nan
0.316947 nan
0.317324 nan
0.317702 nan
0.318079 nan
0.318457 nan
0.318834 nan
0.319212 nan
0.319589 nan
0.319967 nan
0.320344 nan
0.320722 nan
0.321099 nan
0.321477 nan
0.321854 nan
0.322232 nan
0.322609 nan
0.322986 nan
0.323364 nan
0.323741 nan
0.324119 nan
0.324496 nan
0.324874 nan
0.325251 nan
0.325629 nan
0.326006 nan
0.326384 nan
0.326761 nan
0.327139 nan
0.327516 nan
0.327894 nan
0.328271 nan
0.328648 nan
0.329026 nan
0.329403 nan
0.329781 nan
0.330158 nan
0.330536 nan
0.330913 nan
0.331291 nan
0.331668 nan
0.332046 nan
0.332423 nan
0.332801 nan
0.333178 nan
0.333556 nan
0.333933 nan
0.334310 nan
0.334688 nan
0.335065 nan
0.335443 nan
0.335820 nan
0.336198 nan
0.336575 nan
0.336953 nan
0.337330 nan
0.337708 nan
0.338085 nan
0.338463 nan
0.338840 nan
0.339218 nan
0.339595 nan
0.339973 nan
0.340350 nan
0.340727 nan
0.341105 nan
0.341482 nan
0.341860 nan
0.342237 nan
0.342615 nan
0.342992 nan
0.343370 nan
0.343747 nan
0.344125 nan
0.344502 nan
0.344880 nan
0.345257 nan
0.345635 nan
0.346012 nan
0.346389 nan
0.346767 nan
0.347144 nan
0.347522 nan
0.347899 nan
0.348277 nan
0.348654 nan
0.349032 nan
0.349409 nan
0.349787 nan
0.350164 nan
0.350542 nan
0.350919 nan
0.351297 nan
0.351674 nan
0.352052 nan
0.352429 nan
0.352806 nan
0.353184 nan
0.353561 nan
0.353939 nan
0.354316 nan
0.354694 nan
0.355071 nan
0.355449 nan
0.355826 nan
0.356204 nan
0.356581 nan
0.356959 nan
0.357336 nan
0.357714 nan
0.358091 nan
0.358468 nan
0.358846 nan
0.359223 nan
0.359601 nan
0.359978 nan
0.360356 nan
0.360733 nan
0.361111 nan
0.361488 nan
0.361866 nan
0.362243 nan
0.362621 nan
0.362998 nan
0.363376 nan
0.363753 nan
0.364130 nan
0.364508 nan
0.364885 nan
0.365263 nan
0.365640 nan
0.366018 nan
0.366395 nan
0.366773 nan
0.367150 nan
0.367528 nan
0.367905 nan
0.368283 nan
0.368660 nan
0.369038 nan
0.369415 nan
0.369793 nan
0.370170 nan
0.370547 nan
0.370925 nan
0.371302 nan
0.371680 nan
0.372057 nan
0.372435 nan
0.372812 nan
0.373190 nan
0.373567 nan
0.373945 nan
0.374322 nan
0.374700 nan
0.375077 nan
0.375455 nan
0.375832 nan
0.376209 nan
0.376587 nan
0.376964 nan
0.377342 nan
0.377719 nan
0.378097 nan
0.378474 nan
0.378852 nan
0.379229 nan
0.379607 nan
0.379984 nan
0.380362 nan
0.380739 nan
0.381117 nan
0.381494 nan
0.381872 nan
0.382249 nan
0.382626 nan
0.383004 nan
0.383381 nan
0.383759 nan
0.384136 nan
0.384514 nan
0.384891 nan
0.385269 nan
0.385646 nan
0.386024 nan
0.386401 nan
0.386779 nan
0.387156 nan
0.387534 nan
0.387911 nan
0.388288 nan
0.388666 nan
0.389043 nan
0.389421 nan
0.389798 nan
0.390176 nan
0.390553 nan
0.390931 nan
0.391308 nan
0.391686 nan
0.392063 nan
0.392441 nan
0.392818 nan
0.393196 nan
0.393573 nan
0.393951 nan
0.394328 nan
0.394705 nan
0.395083 nan
0.395460 nan
0.395838 nan
0.396215 nan
0.396593 nan
0.396970 nan
0.397348 nan
0.397725 nan
0.398103 nan
0.398480 nan
0.398858 nan
0.399235 nan
0.399613 nan
0.399990 nan
