0.202014 nan
0.202411 nan
0.202807 nan
0.203204 nan
0.203601 nan
0.203998 nan
0.204394 nan
0.204791 nan
0.205188 nan
0.205585 nan
0.205981 nan
0.206378 nan
0.206775 nan
0.207172 nan
0.207568 nan
0.207965 nan
0.208362 nan
0.208759 nan
0.209155 nan
0.209552 nan
0.209949 nan
0.210346 nan
0.210742 nan
0.211139 nan
0.211536 nan
0.211933 nan
0.212329 nan
0.212726 nan
0.213123 nan
0.213520 nan
0.213916 nan
0.214313 nan
0.214710 nan
0.215107 nan
0.215503 nan
0.215900 nan
0.216297 nan
0.216694 nan
0.217090 nan
0.217487 nan
0.217884 nan
0.218281 nan
0.218677 nan
0.219074 nan
0.219471 nan
0.219868 nan
0.220264 nan
0.220661 nan
0.221058 nan
0.221455 nan
0.221851 nan
0.222248 nan
0.222645 nan
0.223042 nan
0.223438 nan
0.223835 nan
0.224232 nan
0.224629 nan
0.225025 nan
0.225422 nan
0.225819 nan
0.226215 nan
0.226612 nan
0.227009 nan
0.227406 nan
0.227802 nan
0.228199 nan
0.228596 nan
0.228993 nan
0.229389 nan
0.229786 nan
0.230183 nan
0.230580 nan
0.230976 nan
0.231373 nan
0.231770 nan
0.232167 nan
0.232563 nan
0.232960 nan
0.233357 nan
0.233754 nan
0.234150 nan
0.234547 nan
0.234944 nan
0.235341 nan
0.235737 nan
0.236134 nan
0.236531 nan
0.236928 nan
0.237324 nan
0.237721 nan
0.238118 nan
0.238515 nan
0.238911 nan
0.239308 nan
0.239705 nan
0.240102 nan
0.240498 nan
0.240895 nan
0.241292 nan
0.241689 nan
0.242085 nan
0.242482 nan
0.242879 nan
0.243276 nan
0.243672 nan
0.244069 nan
0.244466 nan
0.244863 nan
0.245259 nan
0.245656 nan
0.246053 nan
0.246450 nan
0.246846 nan
0.247243 nan
0.247640 nan
0.248036 nan
0.248433 nan
0.248830 nan
0.249227 nan
0.249623 nan
0.250020 nan
0.250417 nan
0.250814 nan
0.251210 nan
0.251607 nan
0.252004 nan
0.252401 nan
0.252797 nan
0.253194 nan
0.253591 nan
0.253988 nan
0.254384 nan
0.254781 nan
0.255178 nan
0.255575 nan
0.255971 nan
0.256368 nan
0.256765 nan
0.257162 nan
0.257558 nan
0.257955 nan
0.258352 nan
0.258749 nan
0.259145 nan
0.259542 nan
0.259939 nan
0.260336 nan
0.260732 nan
0.261129 nan
0.261526 nan
0.261923 nan
0.262319 nan
0.262716 nan
0.263113 nan
0.263510 nan
0.263906 nan
0.264303 nan
0.264700 nan
0.265097 nan
0.265493 nan
0.265890 nan
0.266287 nan
0.266684 nan
0.267080 nan
0.267477 nan
0.267874 nan
0.268271 nan
0.268667 nan
0.269064 nan
0.269461 nan
0.269857 nan
0.270254 nan
0.270651 nan
0.271048 nan
0.271444 nan
0.271841 nan
0.272238 nan
0.272635 nan
0.273031 nan
0.273428 nan
0.273825 nan
0.274222 nan
0.274618 nan
0.275015 nan
0.275412 nan
0.275809 nan
0.276205 nan
0.276602 nan
0.276999 nan
0.277396 nan
0.277792 nan
0.278189 nan
0.278586 nan
0.278983 nan
0.279379 nan
0.279776 nan
0.280173 nan
0.280570 nan
0.280966 nan
0.281363 nan
0.281760 nan
0.282157 nan
0.282553 nan
0.282950 nan
0.283347 nan
0.283744 nan
0.284140 nan
0.284537 nan
0.284934 nan
0.285331 nan
0.285727 nan
0.286124 nan
0.286521 nan
0.286918 nan
0.287314 nan
0.287711 nan
0.288108 nan
0.288505 nan
0.288901 nan
0.289298 nan
0.289695 nan
0.290092 nan
0.290488 nan
0.290885 nan
0.291282 nan
0.291678 nan
0.292075 nan
0.292472 nan
0.292869 nan
0.293265 nan
0.293662 nan
0.294059 nan
0.294456 nan
0.294852 nan
0.295249 nan
0.295646 nan
0.296043 nan
0.296439 nan
0.296836 nan
0.297233 nan
0.297630 nan
0.298026 nan
0.298423 nan
0.298820 nan
0.299217 nan
0.299613 nan
0.300010 nan
0.300407 nan
0.300804 nan
0.301200 nan
0.301597 nan
0.301994 nan
0.302391 nan
0.302787 nan
0.303184 nan
0.303581 nan
0.303978 nan
0.304374 nan
0.304771 nan
0.305168 nan
0.305565 nan
0.305961 nan
0.306358 nan
0.306755 nan
0.307152 nan
0.307548 nan
0.307945 nan
0.308342 nan
0.308739 nan
0.309135 nan
0.309532 nan
0.309929 nan
0.310326 nan
0.310722 nan
0.311119 nan
0.311516 nan
0.311913 nan
0.312309 nan
0.312706 nan
0.313103 nan
0.313499 nan
0.313896 nan
0.314293 nan
0.314690 nan
0.315086 nan
0.315483 nan
0.315880 nan
0.316277 nan
0.316673 nan
0.317070 nan
0.317467 nan
0.317864 nan
0.318260 nan
0.318657 nan
0.319054 nan
0.319451 nan
0.319847 nan
0.320244 nan
0.320641 nan
0.321038 nan
0.321434 nan
0.321831 nan
0.322228 nan
0.322625 nan
0.323021 nan
0.323418 nan
0.323815 nan
0.324212 nan
0.324608 nan
0.325005 nan
0.325402 nan
0.325799 nan
0.326195 nan
0.326592 nan
0.326989 nan
0.327386 nan
0.327782 nan
0.328179 nan
0.328576 nan
0.328973 nan
0.329369 nan
0.329766 nan
0.330163 nan
0.330560 nan
0.330956 nan
0.331353 nan
0.331750 nan
0.332147 nan
0.332543 nan
0.332940 nan
0.333337 nan
0.333734 nan
0.334130 nan
0.334527 nan
0.334924 nan
0.335320 nan
0.335717 nan
0.336114 nan
0.336511 nan
0.336907 nan
0.337304 nan
0.337701 nan
0.338098 nan
0.338494 nan
0.338891 nan
0.339288 nan
0.339685 nan
0.340081 nan
0.340478 nan
0.340875 nan
0.341272 nan
0.341668 nan
0.342065 nan
0.342462 nan
0.342859 nan
0.343255 nan
0.343652 nan
0.344049 nan
0.344446 nan
0.344842 nan
0.345239 nan
0.345636 nan
0.346033 nan
0.346429 nan
0.346826 nan
0.347223 nan
0.347620 nan
0.348016 nan
0.348413 nan
0.348810 nan
0.349207 nan
0.349603 nan
0.350000 nan
0.350397 nan
0.350794 nan
0.351190 nan
0.351587 nan
0.351984 nan
0.352381 nan
0.352777 nan
0.353174 nan
0.353571 nan
0.353968 nan
0.354364 nan
0.354761 nan
0.355158 nan
0.355555 nan
0.355951 nan
0.356348 nan
0.356745 nan
0.357141 nan
0.357538 nan
0.357935 nan
0.358332 nan
0.358728 nan
0.359125 nan
0.359522 nan
0.359919 nan
0.360315 nan
0.360712 nan
0.361109 nan
0.361506 nan
0.361902 nan
0.362299 nan
0.362696 nan
0.363093 nan
0.363489 nan
0.363886 nan
0.364283 nan
0.364680 nan
0.365076 nan
0.365473 nan
0.365870 nan
0.366267 nan
0.366663 nan
0.367060 nan
0.367457 nan
0.367854 nan
0.368250 nan
0.368647 nan
0.369044 nan
0.369441 nan
0.369837 nan
0.370234 nan
0.370631 nan
0.371028 nan
0.371424 nan
0.371821 nan
0.372218 nan
0.372615 nan
0.373011 nan
0.373408 nan
0.373805 nan
0.374202 nan
0.374598 nan
0.374995 nan
0.375392 nan
0.375789 nan
0.376185 nan
0.376582 nan
0.376979 nan
0.377376 nan
0.377772 nan
0.378169 nan
0.378566 nan
0.378962 nan
0.379359 nan
0.379756 nan
0.380153 nan
0.380549 nan
0.380946 nan
0.381343 nan
0.381740 nan
0.382136 nan
0.382533 nan
0.382930 nan
0.383327 nan
0.383723 nan
0.384120 nan
0.384517 nan
0.384914 nan
0.385310 nan
0.385707 nan
0.386104 nan
0.386501 nan
0.386897 nan
0.387294 nan
0.387691 nan
0.388088 nan
0.388484 nan
0.388881 nan
0.389278 nan
0.389675 nan
0.390071 nan
0.390468 nan
0.390865 nan
0.391262 nan
0.391658 nan
0.392055 nan
0.392452 nan
0.392849 nan
0.393245 nan
0.393642 nan
0.394039 nan
0.394436 nan
0.394832 nan
0.395229 nan
0.395626 nan
0.396023 nan
0.396419 nan
0.396816 nan
0.397213 nan
0.397610 nan
0.398006 nan
0.398403 nan
0.398800 nan
0.399197 nan
0.399593 nan
0.399990 nan
