0.400000 1.000000
0.399198 1.000000
0.398397 1.000000
0.397595 1.000000
0.396794 1.000000
0.395992 1.000000
0.395190 1.000000
0.394389 1.000000
0.393587 1.000000
0.392786 1.000000
0.391984 1.000000
0.391182 1.000000
0.390381 1.000000
0.389579 1.000000
0.388778 1.000000
0.387976 1.000000
0.387174 1.000000
0.386373 1.000000
0.385571 1.000000
0.384770 1.000000
0.383968 1.000000
0.383166 1.000000
0.382365 1.000000
0.381563 1.000000
0.380762 1.000000
0.379960 1.000000
0.379158 1.000000
0.378357 1.000000
0.377555 1.000000
0.376754 1.000000
0.375952 1.000000
0.375150 1.000000
0.374349 1.000000
0.373547 1.000000
0.372745 1.000000
0.371944 1.000000
0.371142 1.000000
0.370341 1.000000
0.369539 1.000000
0.368737 1.000000
0.367936 1.000000
0.367134 1.000000
0.366333 1.000000
0.365531 1.000000
0.364729 1.000000
0.363928 1.000000
0.363126 1.000000
0.362325 1.000000
0.361523 1.000000
0.360721 1.000000
0.359920 1.000000
0.359118 1.000000
0.358317 1.000000
0.357515 1.000000
0.356713 1.000000
0.355912 0.999999
0.355110 0.999999
0.354309 0.999999
0.353507 0.999999
0.352705 0.999999
0.351904 0.999999
0.351102 0.999999
0.350301 0.999999
0.349499 0.999999
0.348697 0.999999
0.347896 0.999999
0.347094 0.999999
0.346293 0.999999
0.345491 0.999999
0.344689 0.999999
0.343888 0.999999
0.343086 0.999999
0.342285 0.999999
0.341483 0.999999
0.340681 0.999999
0.339880 0.999999
0.339078 0.999999
0.338277 0.999999
0.337475 0.999999
0.336673 0.999999
0.335872 0.999999
0.335070 0.999999
0.334269 0.999998
0.333467 0.999998
0.332665 0.999998
0.331864 0.999998
0.331062 0.999998
0.330261 0.999998
0.329459 0.999998
0.328657 0.999998
0.327856 0.999998
0.327054 0.999998
0.326253 0.999998
0.325451 0.999998
0.324649 0.999998
0.323848 0.999997
0.323046 0.999997
0.322244 0.999997
0.321443 0.999997
0.320641 0.999997
0.319840 0.999997
0.319038 0.999997
0.318236 0.999997
0.317435 0.999996
0.316633 0.999996
0.315832 0.999996
0.315030 0.999996
0.314228 0.999996
0.313427 0.999996
0.312625 0.999996
0.311824 0.999995
0.311022 0.999995
0.310220 0.999995
0.309419 0.999995
0.308617 0.999995
0.307816 0.999994
0.307014 0.999994
0.306212 0.999994
0.305411 0.999994
0.304609 0.999993
0.303808 0.999993
0.303006 0.999993
0.302204 0.999993
0.301403 0.999992
0.300601 0.999992
0.299800 0.999992
0.298998 0.999991
0.298196 0.999991
0.297395 0.999991
0.296593 0.999990
0.295792 0.999990
0.294990 0.999990
0.294188 0.999989
0.293387 0.999989
0.292585 0.999988
0.291784 0.999988
0.290982 0.999987
0.290180 0.999987
0.289379 0.999986
0.288577 0.999986
0.287776 0.999985
0.286974 0.999985
0.286172 0.999984
0.285371 0.999983
0.284569 0.999983
0.283768 0.999982
0.282966 0.999981
0.282164 0.999981
0.281363 0.999980
0.280561 0.999979
0.279760 0.999978
0.278958 0.999978
0.278156 0.999977
0.277355 0.999976
0.276553 0.999975
0.275752 0.999974
0.274950 0.999973
0.274148 0.999972
0.273347 0.999971
0.272545 0.999970
0.271743 0.999969
0.270942 0.999967
0.270140 0.999966
0.269339 0.999965
0.268537 0.999963
0.267735 0.999962
0.266934 0.999961
0.266132 0.999959
0.265331 0.999957
0.264529 0.999956
0.263727 0.999954
0.262926 0.999952
0.262124 0.999951
0.261323 0.999949
0.260521 0.999947
0.259719 0.999945
0.258918 0.999943
0.258116 0.999940
0.257315 0.999938
0.256513 0.999936
0.255711 0.999933
0.254910 0.999931
0.254108 0.999928
0.253307 0.999925
0.252505 0.999923
0.251703 0.999920
0.250902 0.999917
0.250100 0.999913
0.249299 0.999910
0.248497 0.999907
0.247695 0.999903
0.246894 0.999899
0.246092 0.999896
0.245291 0.999892
0.244489 0.999887
0.243687 0.999883
0.242886 0.999879
0.242084 0.999874
0.241283 0.999869
0.240481 0.999864
0.239679 0.999859
0.238878 0.999854
0.238076 0.999848
0.237275 0.999843
0.236473 0.999837
0.235671 0.999830
0.234870 0.999824
0.234068 0.999817
0.233267 0.999810
0.232465 0.999803
0.231663 0.999796
0.230862 0.999788
0.230060 0.999780
0.229259 0.999772
0.228457 0.999763
0.227655 0.999754
0.226854 0.999745
0.226052 0.999735
0.225251 0.999725
0.224449 0.999714
0.223647 0.999703
0.222846 0.999692
0.222044 0.999681
0.221242 0.999668
0.220441 0.999656
0.219639 0.999643
0.218838 0.999629
0.218036 0.999615
0.217234 0.999600
0.216433 0.999585
0.215631 0.999569
0.214830 0.999553
0.214028 0.999535
0.213226 0.999518
0.212425 0.999499
0.211623 0.999480
0.210822 0.999460
0.210020 0.999439
0.209218 0.999418
0.208417 0.999396
0.207615 0.999372
0.206814 0.999348
0.206012 0.999323
0.205210 0.999297
0.204409 0.999270
0.203607 0.999242
0.202806 0.999213
0.202004 0.999182
0.201202 0.999151
0.200401 0.999118
0.199599 0.999083
0.198798 0.999048
0.197996 0.999011
0.197194 0.998972
0.196393 0.998932
0.195591 0.998891
0.194790 0.998847
0.193988 0.998802
0.193186 0.998755
0.192385 0.998706
0.191583 0.998656
0.190782 0.998603
0.189980 0.998548
0.189178 0.998490
0.188377 0.998431
0.187575 0.998369
0.186774 0.998304
0.185972 0.998236
0.185170 0.998166
0.184369 0.998093
0.183567 0.998017
0.182766 0.997937
0.181964 0.997855
0.181162 0.997768
0.180361 0.997678
0.179559 0.997585
0.178758 0.997487
0.177956 0.997385
0.177154 0.997278
0.176353 0.997167
0.175551 0.997051
0.174749 0.996930
0.173948 0.996804
0.173146 0.996672
0.172345 0.996535
0.171543 0.996391
0.170741 0.996241
0.169940 0.996084
0.169138 0.995919
0.168337 0.995748
0.167535 0.995569
0.166733 0.995381
0.165932 0.995185
0.165130 0.994979
0.164329 0.994764
0.163527 0.994539
0.162725 0.994304
0.161924 0.994057
0.161122 0.993798
0.160321 0.993526
0.159519 0.993242
0.158717 0.992943
0.157916 0.992630
0.157114 0.992301
0.156313 0.991956
0.155511 0.991593
0.154709 0.991212
0.153908 0.990811
0.153106 0.990389
0.152305 0.989944
0.151503 0.989477
0.150701 0.988984
0.149900 0.988464
0.149098 0.987916
0.148297 0.987338
0.147495 0.986727
0.146693 0.986081
0.145892 0.985398
0.145090 0.984677
0.144289 0.983911
0.143487 0.983098
0.142685 0.982237
0.141884 0.981322
0.141082 0.980347
0.140281 0.979312
0.139479 0.978208
0.138677 0.977029
0.137876 0.975769
0.137074 0.974421
0.136273 0.972975
0.135471 0.971424
0.134669 0.969753
0.133868 0.967954
0.133066 0.966007
0.132265 0.963899
0.131463 0.961606
0.130661 0.959106
0.129860 0.956369
0.129058 0.953361
0.128257 0.950037
0.127455 0.946344
0.126653 0.942205
0.125852 0.937531
0.125050 0.932196
0.124248 0.926014
0.123447 0.918712
0.122645 0.909842
0.121844 0.898586
0.121042 0.883080
0.120240 0.856144
