0.000000 0.000000
0.000802 0.000000
0.001603 0.000000
0.002405 0.000000
0.003206 0.000000
0.004008 0.000000
0.004810 0.000000
0.005611 0.000000
0.006413 0.000000
0.007214 0.000000
0.008016 0.000000
0.008818 0.000000
0.009619 0.000000
0.010421 0.000000
0.011222 0.000000
0.012024 0.000000
0.012826 0.000000
0.013627 0.000000
0.014429 0.000000
0.015230 0.000000
0.016032 0.000000
0.016834 0.000000
0.017635 0.000000
0.018437 0.000000
0.019238 0.000000
0.020040 0.000000
0.020842 0.000000
0.021643 0.000000
0.022445 0.000000
0.023246 0.000000
0.024048 0.000000
0.024850 0.000000
0.025651 0.000000
0.026453 0.000000
0.027255 0.000000
0.028056 0.000000
0.028858 0.000000
0.029659 0.000000
0.030461 0.000000
0.031263 0.000000
0.032064 0.000000
0.032866 0.000000
0.033667 0.000000
0.034469 0.000000
0.035271 0.000000
0.036072 0.000000
0.036874 0.000000
0.037675 0.000000
0.038477 0.000000
0.039279 0.000000
0.040080 0.000000
0.040882 0.000000
0.041683 0.000000
0.042485 0.000000
0.043287 0.000000
0.044088 0.000000
0.044890 0.000000
0.045691 0.000000
0.046493 0.000000
0.047295 0.000000
0.048096 0.000000
0.048898 0.000000
0.049699 0.000000
0.050501 0.000000
0.051303 0.000000
0.052104 0.000000
0.052906 0.000000
0.053707 0.000000
0.054509 0.000000
0.055311 0.000000
0.056112 0.000000
0.056914 0.000000
0.057715 0.000000
0.058517 0.000000
0.059319 0.000000
0.060120 0.000000
0.060922 0.000000
0.061723 0.000000
0.062525 0.000000
0.063327 0.000000
0.064128 0.000000
0.064930 0.000000
0.065731 0.000000
0.066533 0.000000
0.067335 0.000000
0.068136 0.000000
0.068938 0.000000
0.069739 0.000000
0.070541 0.000000
0.071343 0.000000
0.072144 0.000000
0.072946 0.000000
0.073747 0.000000
0.074549 0.000000
0.075351 0.000000
0.076152 0.000000
0.076954 0.000000
0.077756 0.000000
0.078557 0.000000
0.079359 0.000000
0.080160 0.000000
0.080962 0.000000
0.081764 0.000000
0.082565 0.000000
0.083367 0.000000
0.084168 0.000000
0.084970 0.000000
0.085772 0.000000
0.086573 0.000000
0.087375 0.000000
0.088176 0.000000
0.088978 0.000000
0.089780 0.000000
0.090581 0.000000
0.091383 0.000000
0.092184 0.000000
0.092986 0.000000
0.093788 0.000000
0.094589 0.000000
0.095391 0.000000
0.096192 0.000000
0.096994 0.000000
0.097796 0.000000
0.098597 0.000000
0.099399 0.000000
0.100200 0.000000
0.101002 0.000000
0.101804 0.000000
0.102605 0.000000
0.103407 0.000000
0.104208 0.000000
0.105010 0.000000
0.105812 0.000000
0.106613 0.000000
0.107415 0.000000
0.108216 0.000000
0.109018 0.000000
0.109820 0.000000
0.110621 0.000000
0.111423 0.000000
0.112224 0.000000
0.113026 0.000000
0.113828 0.000000
0.114629 0.000000
0.115431 0.000000
0.116232 0.000000
0.117034 0.000000
0.117836 0.000000
0.118637 0.000000
0.119439 0.000000
0.120240 0.000000
0.121042 0.000000
0.121844 0.000000
0.122645 0.000000
0.123447 0.000000
0.124248 0.000000
0.125050 0.000000
0.125852 0.000000
0.126653 0.000000
0.127455 0.000000
0.128257 0.000000
0.129058 0.000000
0.129860 0.000000
0.130661 0.000000
0.131463 0.000000
0.132265 0.000000
0.133066 0.000000
0.133868 0.000000
0.134669 0.000000
0.135471 0.000000
0.136273 0.000000
0.137074 0.000000
0.137876 0.000000
0.138677 0.000000
0.139479 0.000000
0.140281 0.000000
0.141082 0.000000
0.141884 0.000000
0.142685 0.000000
0.143487 0.000000
0.144289 0.000000
0.145090 0.000000
0.145892 0.000000
0.146693 0.000000
0.147495 0.000000
0.148297 0.000000
0.149098 0.000000
0.149900 0.000000
0.150701 0.000000
0.151503 0.000000
0.152305 0.000000
0.153106 0.000000
0.153908 0.000000
0.154709 0.000000
0.155511 0.000000
0.156313 0.000000
0.157114 0.000000
0.157916 0.000000
0.158717 0.000000
0.159519 0.000000
0.160321 0.000000
0.161122 0.000000
0.161924 0.000000
0.162725 0.000000
0.163527 0.000000
0.164329 0.000000
0.165130 0.000000
0.165932 0.000000
0.166733 0.000000
0.167535 0.000000
0.168337 0.000000
0.169138 0.000000
0.169940 0.000000
0.170741 0.000000
0.171543 0.000000
0.172345 0.000000
0.173146 0.000000
0.173948 0.000000
0.174749 0.000000
0.175551 0.000000
0.176353 0.000000
0.177154 0.000000
0.177956 0.000000
0.178758 0.000000
0.179559 0.000000
0.180361 0.000000
0.181162 0.000000
0.181964 0.000000
0.182766 0.000000
0.183567 0.000000
0.184369 0.000000
0.185170 0.000000
0.185972 0.000000
0.186774 0.000000
0.187575 0.000000
0.188377 0.000000
0.189178 0.000000
0.189980 0.000000
0.190782 0.000000
0.191583 0.000000
0.192385 0.000000
0.193186 0.000000
0.193988 0.000000
0.194790 0.000000
0.195591 0.000000
0.196393 0.000000
0.197194 0.000000
0.197996 0.000000
0.198798 0.000000
0.199599 0.000000
0.200401 0.000000
0.201202 0.000000
0.202004 0.000000
