0.400000 0.995425
0.399198 0.995406
0.398397 0.995386
0.397595 0.995366
0.396794 0.995347
0.395992 0.995327
0.395190 0.995307
0.394389 0.995287
0.393587 0.995267
0.392786 0.995247
0.391984 0.995227
0.391182 0.995207
0.390381 0.995186
0.389579 0.995166
0.388778 0.995146
0.387976 0.995125
0.387174 0.995105
0.386373 0.995085
0.385571 0.995064
0.384770 0.995044
0.383968 0.995023
0.383166 0.995002
0.382365 0.994982
0.381563 0.994961
0.380762 0.994940
0.379960 0.994919
0.379158 0.994898
0.378357 0.994877
0.377555 0.994856
0.376754 0.994835
0.375952 0.994814
0.375150 0.994792
0.374349 0.994771
0.373547 0.994750
0.372745 0.994728
0.371944 0.994707
0.371142 0.994685
0.370341 0.994664
0.369539 0.994642
0.368737 0.994620
0.367936 0.994598
0.367134 0.994576
0.366333 0.994554
0.365531 0.994532
0.364729 0.994510
0.363928 0.994488
0.363126 0.994465
0.362325 0.994443
0.361523 0.994420
0.360721 0.994398
0.359920 0.994375
0.359118 0.994352
0.358317 0.994329
0.357515 0.994306
0.356713 0.994283
0.355912 0.994260
0.355110 0.994237
0.354309 0.994213
0.353507 0.994190
0.352705 0.994166
0.351904 0.994143
0.351102 0.994119
0.350301 0.994095
0.349499 0.994071
0.348697 0.994047
0.347896 0.994023
0.347094 0.993998
0.346293 0.993974
0.345491 0.993949
0.344689 0.993925
0.343888 0.993900
0.343086 0.993875
0.342285 0.993850
0.341483 0.993824
0.340681 0.993799
0.339880 0.993773
0.339078 0.993748
0.338277 0.993722
0.337475 0.993696
0.336673 0.993670
0.335872 0.993644
0.335070 0.993617
0.334269 0.993590
0.333467 0.993564
0.332665 0.993537
0.331864 0.993510
0.331062 0.993482
0.330261 0.993455
0.329459 0.993427
0.328657 0.993399
0.327856 0.993371
0.327054 0.993343
0.326253 0.993314
0.325451 0.993286
0.324649 0.993257
0.323848 0.993228
0.323046 0.993198
0.322244 0.993169
0.321443 0.993139
0.320641 0.993109
0.319840 0.993079
0.319038 0.993048
0.318236 0.993017
0.317435 0.992986
0.316633 0.992955
0.315832 0.992924
0.315030 0.992892
0.314228 0.992860
0.313427 0.992827
0.312625 0.992795
0.311824 0.992762
0.311022 0.992729
0.310220 0.992695
0.309419 0.992661
0.308617 0.992627
0.307816 0.992593
0.307014 0.992558
0.306212 0.992522
0.305411 0.992487
0.304609 0.992451
0.303808 0.992415
0.303006 0.992378
0.302204 0.992341
0.301403 0.992304
0.300601 0.992266
0.299800 0.992228
0.298998 0.992189
0.298196 0.992150
0.297395 0.992110
0.296593 0.992070
0.295792 0.992030
0.294990 0.991989
0.294188 0.991948
0.293387 0.991906
0.292585 0.991864
0.291784 0.991821
0.290982 0.991778
0.290180 0.991734
0.289379 0.991689
0.288577 0.991644
0.287776 0.991599
0.286974 0.991553
0.286172 0.991506
0.285371 0.991459
0.284569 0.991411
0.283768 0.991362
0.282966 0.991313
0.282164 0.991263
0.281363 0.991212
0.280561 0.991161
0.279760 0.991109
0.278958 0.991057
0.278156 0.991003
0.277355 0.990949
0.276553 0.990894
0.275752 0.990838
0.274950 0.990782
0.274148 0.990724
0.273347 0.990666
0.272545 0.990607
0.271743 0.990547
0.270942 0.990486
0.270140 0.990424
0.269339 0.990361
0.268537 0.990297
0.267735 0.990232
0.266934 0.990166
0.266132 0.990100
0.265331 0.990031
0.264529 0.989962
0.263727 0.989892
0.262926 0.989821
0.262124 0.989748
0.261323 0.989674
0.260521 0.989599
0.259719 0.989523
0.258918 0.989445
0.258116 0.989366
0.257315 0.989285
0.256513 0.989204
0.255711 0.989120
0.254910 0.989036
0.254108 0.988949
0.253307 0.988861
0.252505 0.988772
0.251703 0.988681
0.250902 0.988588
0.250100 0.988493
0.249299 0.988397
0.248497 0.988298
0.247695 0.988198
0.246894 0.988096
0.246092 0.987992
0.245291 0.987886
0.244489 0.987778
0.243687 0.987667
0.242886 0.987555
0.242084 0.987440
0.241283 0.987323
0.240481 0.987203
0.239679 0.987081
0.238878 0.986956
0.238076 0.986829
0.237275 0.986699
0.236473 0.986566
0.235671 0.986431
0.234870 0.986292
0.234068 0.986151
0.233267 0.986006
0.232465 0.985858
0.231663 0.985707
0.230862 0.985552
0.230060 0.985394
0.229259 0.985232
0.228457 0.985067
0.227655 0.984897
0.226854 0.984724
0.226052 0.984546
0.225251 0.984365
0.224449 0.984179
0.223647 0.983988
0.222846 0.983793
0.222044 0.983593
0.221242 0.983387
0.220441 0.983177
0.219639 0.982962
0.218838 0.982740
0.218036 0.982514
0.217234 0.982281
0.216433 0.982042
0.215631 0.981797
0.214830 0.981545
0.214028 0.981286
0.213226 0.981021
0.212425 0.980748
0.211623 0.980467
0.210822 0.980179
0.210020 0.979884
0.209218 0.979580
0.208417 0.979266
0.207615 0.978943
0.206814 0.978610
0.206012 0.978267
0.205210 0.977914
0.204409 0.977550
0.203607 0.977175
0.202806 0.976788
0.202004 0.976389
0.201202 0.975978
0.200401 0.975553
0.199599 0.975112
0.198798 0.974658
0.197996 0.974189
0.197194 0.973704
0.196393 0.973202
0.195591 0.972683
0.194790 0.972143
0.193988 0.971585
0.193186 0.971007
0.192385 0.970408
0.191583 0.969786
0.190782 0.969139
0.189980 0.968466
0.189178 0.967767
0.188377 0.967041
0.187575 0.966284
0.186774 0.965493
0.185972 0.964671
0.185170 0.963812
0.184369 0.962913
0.183567 0.961975
0.182766 0.960993
0.181964 0.959961
0.181162 0.958882
0.180361 0.957747
0.179559 0.956552
0.178758 0.955295
0.177956 0.953966
0.177154 0.952565
0.176353 0.951078
0.175551 0.949501
0.174749 0.947828
0.173948 0.946040
0.173146 0.944130
0.172345 0.942083
0.171543 0.939880
0.170741 0.937500
0.169940 0.934917
0.169138 0.932094
0.168337 0.928993
0.167535 0.925560
0.166733 0.921715
0.165932 0.917359
0.165130 0.912332
0.164329 0.906384
0.163527 0.899068
0.162725 0.889407
0.161924 0.874187
