0.400000 0.960428
0.399198 0.960011
0.398397 0.959590
0.397595 0.959165
0.396794 0.958734
0.395992 0.958299
0.395190 0.957859
0.394389 0.957414
0.393587 0.956964
0.392786 0.956509
0.391984 0.956048
0.391182 0.955583
0.390381 0.955112
0.389579 0.954636
0.388778 0.954155
0.387976 0.953668
0.387174 0.953176
0.386373 0.952678
0.385571 0.952174
0.384770 0.951665
0.383968 0.951149
0.383166 0.950628
0.382365 0.950101
0.381563 0.949568
0.380762 0.949028
0.379960 0.948483
0.379158 0.947930
0.378357 0.947372
0.377555 0.946807
0.376754 0.946236
0.375952 0.945658
0.375150 0.945073
0.374349 0.944482
0.373547 0.943884
0.372745 0.943278
0.371944 0.942666
0.371142 0.942047
0.370341 0.941420
0.369539 0.940786
0.368737 0.940144
0.367936 0.939495
0.367134 0.938838
0.366333 0.938173
0.365531 0.937501
0.364729 0.936820
0.363928 0.936131
0.363126 0.935435
0.362325 0.934730
0.361523 0.934016
0.360721 0.933294
0.359920 0.932563
0.359118 0.931824
0.358317 0.931075
0.357515 0.930318
0.356713 0.929551
0.355912 0.928775
0.355110 0.927990
0.354309 0.927195
0.353507 0.926390
0.352705 0.925576
0.351904 0.924752
0.351102 0.923917
0.350301 0.923073
0.349499 0.922216
0.348697 0.921350
0.347896 0.920474
0.347094 0.919587
0.346293 0.918689
0.345491 0.917780
0.344689 0.916859
0.343888 0.915927
0.343086 0.914984
0.342285 0.914028
0.341483 0.913061
0.340681 0.912082
0.339880 0.911090
0.339078 0.910086
0.338277 0.909069
0.337475 0.908039
0.336673 0.906996
0.335872 0.905940
0.335070 0.904870
0.334269 0.903787
0.333467 0.902690
0.332665 0.901579
0.331864 0.900454
0.331062 0.899311
0.330261 0.898157
0.329459 0.896987
0.328657 0.895803
0.327856 0.894602
0.327054 0.893387
0.326253 0.892155
0.325451 0.890907
0.324649 0.889643
0.323848 0.888363
0.323046 0.887065
0.322244 0.885751
0.321443 0.884419
0.320641 0.883069
0.319840 0.881702
0.319038 0.880316
0.318236 0.878912
0.317435 0.877488
0.316633 0.876043
0.315832 0.874582
0.315030 0.873100
0.314228 0.871599
0.313427 0.870077
0.312625 0.868535
0.311824 0.866971
0.311022 0.865386
0.310220 0.863780
0.309419 0.862151
0.308617 0.860500
0.307816 0.858826
0.307014 0.857129
0.306212 0.855409
0.305411 0.853664
0.304609 0.851892
0.303808 0.850098
0.303006 0.848279
0.302204 0.846434
0.301403 0.844564
0.300601 0.842667
0.299800 0.840743
0.298998 0.838791
0.298196 0.836812
0.297395 0.834804
0.296593 0.832767
0.295792 0.830698
0.294990 0.828602
0.294188 0.826475
0.293387 0.824317
0.292585 0.822128
0.291784 0.819907
0.290982 0.817654
0.290180 0.815367
0.289379 0.813046
0.288577 0.810690
0.287776 0.808300
0.286974 0.805870
0.286172 0.803407
0.285371 0.800907
0.284569 0.798370
0.283768 0.795793
0.282966 0.793178
0.282164 0.790523
0.281363 0.787827
0.280561 0.785085
0.279760 0.782305
0.278958 0.779481
0.278156 0.776614
0.277355 0.773702
0.276553 0.770744
0.275752 0.767740
0.274950 0.764684
0.274148 0.761583
0.273347 0.758433
0.272545 0.755232
0.271743 0.751980
0.270942 0.748675
0.270140 0.745316
0.269339 0.741898
0.268537 0.738429
0.267735 0.734902
0.266934 0.731317
0.266132 0.727672
0.265331 0.723962
0.264529 0.720194
0.263727 0.716362
0.262926 0.712466
0.262124 0.708503
0.261323 0.704467
0.260521 0.700367
0.259719 0.696195
0.258918 0.691951
0.258116 0.687633
0.257315 0.683233
0.256513 0.678760
0.255711 0.674208
0.254910 0.669575
0.254108 0.664851
0.253307 0.660048
0.252505 0.655158
0.251703 0.650171
0.250902 0.645098
0.250100 0.639931
0.249299 0.634667
0.248497 0.629297
0.247695 0.623832
0.246894 0.618255
0.246092 0.612578
0.245291 0.606790
0.244489 0.600882
0.243687 0.594865
0.242886 0.588728
0.242084 0.582460
0.241283 0.576074
0.240481 0.569549
0.239679 0.562898
0.238878 0.556102
0.238076 0.549171
0.237275 0.542085
0.236473 0.534857
0.235671 0.527464
0.234870 0.519911
0.234068 0.512200
0.233267 0.504309
0.232465 0.496241
0.231663 0.487989
0.230862 0.479557
0.230060 0.470920
0.229259 0.462079
0.228457 0.453028
0.227655 0.443758
0.226854 0.434261
0.226052 0.424528
0.225251 0.414551
0.224449 0.404307
0.223647 0.393809
0.222846 0.383034
0.222044 0.371959
0.221242 0.360582
0.220441 0.348902
0.219639 0.336866
0.218838 0.324496
0.218036 0.311751
0.217234 0.298622
0.216433 0.285092
0.215631 0.271125
0.214830 0.256710
0.214028 0.241808
0.213226 0.226404
0.212425 0.210442
0.211623 0.193914
0.210822 0.176759
0.210020 0.158939
0.209218 0.140401
0.208417 0.121095
0.207615 0.100968
0.206814 0.079987
0.206012 0.058158
0.205210 0.035731
0.204409 0.014773
0.203607 0.004338
0.202806 0.002059
0.202004 0.001321
