0.400000 0.976533
0.399198 0.976238
0.398397 0.975940
0.397595 0.975639
0.396794 0.975335
0.395992 0.975026
0.395190 0.974714
0.394389 0.974398
0.393587 0.974078
0.392786 0.973755
0.391984 0.973427
0.391182 0.973096
0.390381 0.972761
0.389579 0.972421
0.388778 0.972078
0.387976 0.971730
0.387174 0.971379
0.386373 0.971023
0.385571 0.970662
0.384770 0.970298
0.383968 0.969929
0.383166 0.969556
0.382365 0.969178
0.381563 0.968796
0.380762 0.968409
0.379960 0.968017
0.379158 0.967621
0.378357 0.967220
0.377555 0.966814
0.376754 0.966403
0.375952 0.965987
0.375150 0.965567
0.374349 0.965141
0.373547 0.964710
0.372745 0.964274
0.371944 0.963833
0.371142 0.963386
0.370341 0.962935
0.369539 0.962477
0.368737 0.962014
0.367936 0.961546
0.367134 0.961072
0.366333 0.960592
0.365531 0.960107
0.364729 0.959615
0.363928 0.959118
0.363126 0.958615
0.362325 0.958105
0.361523 0.957590
0.360721 0.957068
0.359920 0.956540
0.359118 0.956006
0.358317 0.955465
0.357515 0.954918
0.356713 0.954364
0.355912 0.953803
0.355110 0.953236
0.354309 0.952661
0.353507 0.952080
0.352705 0.951492
0.351904 0.950897
0.351102 0.950294
0.350301 0.949684
0.349499 0.949067
0.348697 0.948441
0.347896 0.947809
0.347094 0.947169
0.346293 0.946521
0.345491 0.945865
0.344689 0.945202
0.343888 0.944530
0.343086 0.943851
0.342285 0.943163
0.341483 0.942466
0.340681 0.941761
0.339880 0.941048
0.339078 0.940326
0.338277 0.939595
0.337475 0.938855
0.336673 0.938106
0.335872 0.937348
0.335070 0.936581
0.334269 0.935804
0.333467 0.935018
0.332665 0.934223
0.331864 0.933417
0.331062 0.932602
0.330261 0.931777
0.329459 0.930941
0.328657 0.930096
0.327856 0.929240
0.327054 0.928373
0.326253 0.927496
0.325451 0.926608
0.324649 0.925709
0.323848 0.924799
0.323046 0.923878
0.322244 0.922946
0.321443 0.922002
0.320641 0.921046
0.319840 0.920079
0.319038 0.919100
0.318236 0.918108
0.317435 0.917105
0.316633 0.916089
0.315832 0.915060
0.315030 0.914018
0.314228 0.912962
0.313427 0.911894
0.312625 0.910813
0.311824 0.909719
0.311022 0.908611
0.310220 0.907490
0.309419 0.906354
0.308617 0.905204
0.307816 0.904040
0.307014 0.902861
0.306212 0.901668
0.305411 0.900459
0.304609 0.899236
0.303808 0.897997
0.303006 0.896743
0.302204 0.895473
0.301403 0.894186
0.300601 0.892884
0.299800 0.891565
0.298998 0.890230
0.298196 0.888878
0.297395 0.887509
0.296593 0.886122
0.295792 0.884718
0.294990 0.883296
0.294188 0.881856
0.293387 0.880398
0.292585 0.878921
0.291784 0.877426
0.290982 0.875911
0.290180 0.874374
0.289379 0.872821
0.288577 0.871247
0.287776 0.869654
0.286974 0.868040
0.286172 0.866405
0.285371 0.864750
0.284569 0.863073
0.283768 0.861375
0.282966 0.859655
0.282164 0.857913
0.281363 0.856148
0.280561 0.854360
0.279760 0.852550
0.278958 0.850715
0.278156 0.848858
0.277355 0.846976
0.276553 0.845069
0.275752 0.843138
0.274950 0.841182
0.274148 0.839200
0.273347 0.837192
0.272545 0.835154
0.271743 0.833093
0.270942 0.831006
0.270140 0.828891
0.269339 0.826748
0.268537 0.824577
0.267735 0.822377
0.266934 0.820148
0.266132 0.817890
0.265331 0.815602
0.264529 0.813284
0.263727 0.810935
0.262926 0.808555
0.262124 0.806143
0.261323 0.803699
0.260521 0.801217
0.259719 0.798707
0.258918 0.796164
0.258116 0.793586
0.257315 0.790974
0.256513 0.788327
0.255711 0.785644
0.254910 0.782925
0.254108 0.780169
0.253307 0.777376
0.252505 0.774546
0.251703 0.771677
0.250902 0.768768
0.250100 0.765815
0.249299 0.762827
0.248497 0.759798
0.247695 0.756728
0.246894 0.753615
0.246092 0.750460
0.245291 0.747262
0.244489 0.744019
0.243687 0.740732
0.242886 0.737400
0.242084 0.734015
0.241283 0.730589
0.240481 0.727116
0.239679 0.723594
0.238878 0.720024
0.238076 0.716403
0.237275 0.712732
0.236473 0.709010
0.235671 0.705235
0.234870 0.701400
0.234068 0.697518
0.233267 0.693581
0.232465 0.689589
0.231663 0.685540
0.230862 0.681433
0.230060 0.677268
0.229259 0.673037
0.228457 0.668752
0.227655 0.664405
0.226854 0.659997
0.226052 0.655525
0.225251 0.650989
0.224449 0.646387
0.223647 0.641711
0.222846 0.636975
0.222044 0.632170
0.221242 0.627295
0.220441 0.622350
0.219639 0.617324
0.218838 0.612232
0.218036 0.607066
0.217234 0.601823
0.216433 0.596504
0.215631 0.591097
0.214830 0.585619
0.214028 0.580059
0.213226 0.574417
0.212425 0.568682
0.211623 0.562870
0.210822 0.556971
0.210020 0.550983
0.209218 0.544897
0.208417 0.538727
0.207615 0.532464
0.206814 0.526098
0.206012 0.519643
0.205210 0.513091
0.204409 0.506429
0.203607 0.499674
0.202806 0.492816
0.202004 0.485843
0.201202 0.478772
0.200401 0.471592
0.199599 0.464290
0.198798 0.456886
0.197996 0.449356
0.197194 0.441718
0.196393 0.433951
0.195591 0.426072
0.194790 0.418059
0.193988 0.409919
0.193186 0.401662
0.192385 0.393262
0.191583 0.384741
0.190782 0.376072
0.189980 0.367265
0.189178 0.358317
0.188377 0.349226
0.187575 0.339988
0.186774 0.330612
0.185972 0.321062
0.185170 0.311369
0.184369 0.301518
0.183567 0.291507
0.182766 0.281332
0.181964 0.270979
0.181162 0.260469
0.180361 0.249774
0.179559 0.238903
0.178758 0.227854
0.177956 0.216623
0.177154 0.205194
0.176353 0.193590
0.175551 0.181770
0.174749 0.169769
0.173948 0.157560
0.173146 0.145140
0.172345 0.132522
0.171543 0.119694
0.170741 0.106642
0.169940 0.093387
0.169138 0.079914
0.168337 0.066247
0.167535 0.052392
0.166733 0.038432
0.165932 0.024582
0.165130 0.011812
0.164329 0.004089
0.163527 0.001887
0.162725 0.001172
