0.400000 0.987049
0.399198 0.986872
0.398397 0.986693
0.397595 0.986511
0.396794 0.986327
0.395992 0.986141
0.395190 0.985952
0.394389 0.985761
0.393587 0.985567
0.392786 0.985371
0.391984 0.985172
0.391182 0.984971
0.390381 0.984767
0.389579 0.984560
0.388778 0.984351
0.387976 0.984139
0.387174 0.983924
0.386373 0.983707
0.385571 0.983486
0.384770 0.983263
0.383968 0.983037
0.383166 0.982807
0.382365 0.982575
0.381563 0.982340
0.380762 0.982102
0.379960 0.981861
0.379158 0.981616
0.378357 0.981368
0.377555 0.981118
0.376754 0.980864
0.375952 0.980606
0.375150 0.980345
0.374349 0.980081
0.373547 0.979814
0.372745 0.979543
0.371944 0.979268
0.371142 0.978990
0.370341 0.978708
0.369539 0.978423
0.368737 0.978134
0.367936 0.977841
0.367134 0.977544
0.366333 0.977243
0.365531 0.976939
0.364729 0.976630
0.363928 0.976318
0.363126 0.976001
0.362325 0.975681
0.361523 0.975356
0.360721 0.975026
0.359920 0.974693
0.359118 0.974356
0.358317 0.974013
0.357515 0.973667
0.356713 0.973316
0.355912 0.972960
0.355110 0.972600
0.354309 0.972235
0.353507 0.971866
0.352705 0.971491
0.351904 0.971112
0.351102 0.970728
0.350301 0.970338
0.349499 0.969944
0.348697 0.969544
0.347896 0.969140
0.347094 0.968730
0.346293 0.968314
0.345491 0.967893
0.344689 0.967467
0.343888 0.967035
0.343086 0.966598
0.342285 0.966155
0.341483 0.965706
0.340681 0.965251
0.339880 0.964790
0.339078 0.964323
0.338277 0.963850
0.337475 0.963371
0.336673 0.962885
0.335872 0.962394
0.335070 0.961895
0.334269 0.961391
0.333467 0.960879
0.332665 0.960361
0.331864 0.959836
0.331062 0.959305
0.330261 0.958766
0.329459 0.958220
0.328657 0.957667
0.327856 0.957107
0.327054 0.956539
0.326253 0.955964
0.325451 0.955381
0.324649 0.954791
0.323848 0.954192
0.323046 0.953586
0.322244 0.952972
0.321443 0.952350
0.320641 0.951720
0.319840 0.951081
0.319038 0.950434
0.318236 0.949778
0.317435 0.949114
0.316633 0.948441
0.315832 0.947758
0.315030 0.947067
0.314228 0.946367
0.313427 0.945656
0.312625 0.944937
0.311824 0.944208
0.311022 0.943470
0.310220 0.942722
0.309419 0.941964
0.308617 0.941195
0.307816 0.940417
0.307014 0.939628
0.306212 0.938829
0.305411 0.938018
0.304609 0.937198
0.303808 0.936366
0.303006 0.935523
0.302204 0.934668
0.301403 0.933803
0.300601 0.932925
0.299800 0.932036
0.298998 0.931135
0.298196 0.930222
0.297395 0.929296
0.296593 0.928358
0.295792 0.927407
0.294990 0.926444
0.294188 0.925468
0.293387 0.924478
0.292585 0.923475
0.291784 0.922458
0.290982 0.921428
0.290180 0.920384
0.289379 0.919325
0.288577 0.918252
0.287776 0.917165
0.286974 0.916063
0.286172 0.914945
0.285371 0.913813
0.284569 0.912665
0.283768 0.911501
0.282966 0.910322
0.282164 0.909126
0.281363 0.907912
0.280561 0.906683
0.279760 0.905438
0.278958 0.904175
0.278156 0.902895
0.277355 0.901597
0.276553 0.900282
0.275752 0.898948
0.274950 0.897596
0.274148 0.896225
0.273347 0.894835
0.272545 0.893426
0.271743 0.891998
0.270942 0.890549
0.270140 0.889081
0.269339 0.887592
0.268537 0.886082
0.267735 0.884552
0.266934 0.883000
0.266132 0.881426
0.265331 0.879830
0.264529 0.878212
0.263727 0.876571
0.262926 0.874907
0.262124 0.873220
0.261323 0.871509
0.260521 0.869774
0.259719 0.868010
0.258918 0.866226
0.258116 0.864416
0.257315 0.862580
0.256513 0.860718
0.255711 0.858830
0.254910 0.856915
0.254108 0.854973
0.253307 0.853003
0.252505 0.851005
0.251703 0.848978
0.250902 0.846922
0.250100 0.844837
0.249299 0.842722
0.248497 0.840576
0.247695 0.838400
0.246894 0.836192
0.246092 0.833952
0.245291 0.831675
0.244489 0.829370
0.243687 0.827031
0.242886 0.824658
0.242084 0.822250
0.241283 0.819807
0.240481 0.817329
0.239679 0.814814
0.238878 0.812263
0.238076 0.809674
0.237275 0.807047
0.236473 0.804381
0.235671 0.801676
0.234870 0.798931
0.234068 0.796140
0.233267 0.793313
0.232465 0.790444
0.231663 0.787532
0.230862 0.784576
0.230060 0.781577
0.229259 0.778532
0.228457 0.775442
0.227655 0.772306
0.226854 0.769122
0.226052 0.765890
0.225251 0.762604
0.224449 0.759274
0.223647 0.755893
0.222846 0.752461
0.222044 0.748976
0.221242 0.745438
0.220441 0.741847
0.219639 0.738200
0.218838 0.734498
0.218036 0.730738
0.217234 0.726915
0.216433 0.723038
0.215631 0.719101
0.214830 0.715104
0.214028 0.711044
0.213226 0.706921
0.212425 0.702734
0.211623 0.698481
0.210822 0.694155
0.210020 0.689768
0.209218 0.685312
0.208417 0.680785
0.207615 0.676187
0.206814 0.671516
0.206012 0.666764
0.205210 0.661943
0.204409 0.657045
0.203607 0.652069
0.202806 0.647013
0.202004 0.641876
0.201202 0.636649
0.200401 0.631344
0.199599 0.625954
0.198798 0.620476
0.197996 0.614910
0.197194 0.609245
0.196393 0.603494
0.195591 0.597650
0.194790 0.591710
0.193988 0.585664
0.193186 0.579526
0.192385 0.573286
0.191583 0.566943
0.190782 0.560486
0.189980 0.553929
0.189178 0.547263
0.188377 0.540476
0.187575 0.533584
0.186774 0.526576
0.185972 0.519440
0.185170 0.512191
0.184369 0.504820
0.183567 0.497314
0.182766 0.489688
0.181964 0.481923
0.181162 0.474033
0.180361 0.465997
0.179559 0.457832
0.178758 0.449516
0.177956 0.441065
0.177154 0.432456
0.176353 0.423706
0.175551 0.414793
0.174749 0.405723
0.173948 0.396502
0.173146 0.387108
0.172345 0.377547
0.171543 0.367816
0.170741 0.357911
0.169940 0.347839
0.169138 0.337575
0.168337 0.327115
0.167535 0.316477
0.166733 0.305646
0.165932 0.294619
0.165130 0.283378
0.164329 0.271944
0.163527 0.260289
0.162725 0.248420
0.161924 0.236334
0.161122 0.224025
0.160321 0.211476
0.159519 0.198697
0.158717 0.185683
0.157916 0.172417
0.157114 0.158909
0.156313 0.145130
0.155511 0.131105
0.154709 0.116820
0.153908 0.102267
0.153106 0.087454
0.152305 0.072361
0.151503 0.057050
0.150701 0.041547
0.149900 0.026053
0.149098 0.011636
0.148297 0.003467
0.147495 0.001538
