0.400000 0.985075
0.399198 0.984856
0.398397 0.984634
0.397595 0.984409
0.396794 0.984181
0.395992 0.983949
0.395190 0.983715
0.394389 0.983477
0.393587 0.983236
0.392786 0.982991
0.391984 0.982743
0.391182 0.982491
0.390381 0.982236
0.389579 0.981978
0.388778 0.981715
0.387976 0.981449
0.387174 0.981180
0.386373 0.980906
0.385571 0.980629
0.384770 0.980348
0.383968 0.980063
0.383166 0.979774
0.382365 0.979481
0.381563 0.979184
0.380762 0.978883
0.379960 0.978577
0.379158 0.978267
0.378357 0.977953
0.377555 0.977635
0.376754 0.977312
0.375952 0.976983
0.375150 0.976651
0.374349 0.976314
0.373547 0.975972
0.372745 0.975626
0.371944 0.975275
0.371142 0.974919
0.370341 0.974558
0.369539 0.974192
0.368737 0.973821
0.367936 0.973444
0.367134 0.973063
0.366333 0.972676
0.365531 0.972283
0.364729 0.971885
0.363928 0.971482
0.363126 0.971072
0.362325 0.970657
0.361523 0.970237
0.360721 0.969810
0.359920 0.969377
0.359118 0.968938
0.358317 0.968493
0.357515 0.968042
0.356713 0.967584
0.355912 0.967120
0.355110 0.966649
0.354309 0.966172
0.353507 0.965688
0.352705 0.965197
0.351904 0.964700
0.351102 0.964195
0.350301 0.963683
0.349499 0.963164
0.348697 0.962638
0.347896 0.962104
0.347094 0.961563
0.346293 0.961014
0.345491 0.960457
0.344689 0.959892
0.343888 0.959319
0.343086 0.958738
0.342285 0.958149
0.341483 0.957552
0.340681 0.956946
0.339880 0.956331
0.339078 0.955708
0.338277 0.955076
0.337475 0.954435
0.336673 0.953784
0.335872 0.953125
0.335070 0.952455
0.334269 0.951777
0.333467 0.951089
0.332665 0.950390
0.331864 0.949682
0.331062 0.948964
0.330261 0.948235
0.329459 0.947496
0.328657 0.946746
0.327856 0.945986
0.327054 0.945214
0.326253 0.944432
0.325451 0.943638
0.324649 0.942833
0.323848 0.942016
0.323046 0.941185
0.322244 0.940344
0.321443 0.939491
0.320641 0.938626
0.319840 0.937748
0.319038 0.936857
0.318236 0.935953
0.317435 0.935036
0.316633 0.934106
0.315832 0.933162
0.315030 0.932205
0.314228 0.931233
0.313427 0.930247
0.312625 0.929247
0.311824 0.928232
0.311022 0.927202
0.310220 0.926157
0.309419 0.925097
0.308617 0.924019
0.307816 0.922927
0.307014 0.921819
0.306212 0.920694
0.305411 0.919553
0.304609 0.918395
0.303808 0.917219
0.303006 0.916026
0.302204 0.914816
0.301403 0.913587
0.300601 0.912340
0.299800 0.911074
0.298998 0.909789
0.298196 0.908485
0.297395 0.907161
0.296593 0.905817
0.295792 0.904453
0.294990 0.903069
0.294188 0.901663
0.293387 0.900237
0.292585 0.898788
0.291784 0.897318
0.290982 0.895822
0.290180 0.894306
0.289379 0.892767
0.288577 0.891205
0.287776 0.889618
0.286974 0.888008
0.286172 0.886372
0.285371 0.884711
0.284569 0.883024
0.283768 0.881312
0.282966 0.879573
0.282164 0.877806
0.281363 0.876013
0.280561 0.874191
0.279760 0.872338
0.278958 0.870458
0.278156 0.868550
0.277355 0.866611
0.276553 0.864641
0.275752 0.862641
0.274950 0.860609
0.274148 0.858544
0.273347 0.856447
0.272545 0.854316
0.271743 0.852152
0.270942 0.849953
0.270140 0.847718
0.269339 0.845444
0.268537 0.843136
0.267735 0.840791
0.266934 0.838409
0.266132 0.835988
0.265331 0.833527
0.264529 0.831026
0.263727 0.828484
0.262926 0.825900
0.262124 0.823274
0.261323 0.820601
0.260521 0.817887
0.259719 0.815128
0.258918 0.812323
0.258116 0.809472
0.257315 0.806572
0.256513 0.803624
0.255711 0.800627
0.254910 0.797579
0.254108 0.794474
0.253307 0.791321
0.252505 0.788115
0.251703 0.784854
0.250902 0.781537
0.250100 0.778162
0.249299 0.774730
0.248497 0.771238
0.247695 0.767680
0.246894 0.764065
0.246092 0.760387
0.245291 0.756644
0.244489 0.752835
0.243687 0.748959
0.242886 0.745008
0.242084 0.740993
0.241283 0.736905
0.240481 0.732745
0.239679 0.728509
0.238878 0.724196
0.238076 0.719798
0.237275 0.715327
0.236473 0.710773
0.235671 0.706136
0.234870 0.701406
0.234068 0.696595
0.233267 0.691694
0.232465 0.686701
0.231663 0.681615
0.230862 0.676424
0.230060 0.671142
0.229259 0.665759
0.228457 0.660265
0.227655 0.654672
0.226854 0.648972
0.226052 0.643160
0.225251 0.637225
0.224449 0.631182
0.223647 0.625019
0.222846 0.618725
0.222044 0.612312
0.221242 0.605771
0.220441 0.599088
0.219639 0.592277
0.218838 0.585317
0.218036 0.578222
0.217234 0.570971
0.216433 0.563577
0.215631 0.556027
0.214830 0.548306
0.214028 0.540420
0.213226 0.532375
0.212425 0.524144
0.211623 0.515745
0.210822 0.507149
0.210020 0.498361
0.209218 0.489390
0.208417 0.480203
0.207615 0.470807
0.206814 0.461195
0.206012 0.451360
0.205210 0.441296
0.204409 0.430994
0.203607 0.420446
0.202806 0.409645
0.202004 0.398567
0.201202 0.387231
0.200401 0.375600
0.199599 0.363691
0.198798 0.351465
0.197996 0.338926
0.197194 0.326061
0.196393 0.312844
0.195591 0.299289
0.194790 0.285355
0.193988 0.271027
0.193186 0.256317
0.192385 0.241181
0.191583 0.225601
0.190782 0.209560
0.189980 0.193055
0.189178 0.176052
0.188377 0.158505
0.187575 0.140426
0.186774 0.121778
0.185972 0.102546
0.185170 0.082711
0.184369 0.062322
0.183567 0.041513
0.182766 0.021200
0.181964 0.006729
0.181162 0.002638
0.180361 0.001545
0.179559 0.001081
