0.400000 0.925869
0.399198 0.925098
0.398397 0.924319
0.397595 0.923532
0.396794 0.922737
0.395992 0.921934
0.395190 0.921123
0.394389 0.920304
0.393587 0.919476
0.392786 0.918639
0.391984 0.917794
0.391182 0.916940
0.390381 0.916077
0.389579 0.915206
0.388778 0.914325
0.387976 0.913435
0.387174 0.912537
0.386373 0.911628
0.385571 0.910711
0.384770 0.909784
0.383968 0.908847
0.383166 0.907901
0.382365 0.906944
0.381563 0.905978
0.380762 0.905002
0.379960 0.904016
0.379158 0.903019
0.378357 0.902012
0.377555 0.900994
0.376754 0.899966
0.375952 0.898925
0.375150 0.897875
0.374349 0.896814
0.373547 0.895743
0.372745 0.894660
0.371944 0.893565
0.371142 0.892459
0.370341 0.891342
0.369539 0.890213
0.368737 0.889072
0.367936 0.887919
0.367134 0.886754
0.366333 0.885576
0.365531 0.884387
0.364729 0.883184
0.363928 0.881969
0.363126 0.880742
0.362325 0.879501
0.361523 0.878247
0.360721 0.876980
0.359920 0.875699
0.359118 0.874405
0.358317 0.873097
0.357515 0.871776
0.356713 0.870440
0.355912 0.869090
0.355110 0.867726
0.354309 0.866347
0.353507 0.864953
0.352705 0.863545
0.351904 0.862122
0.351102 0.860679
0.350301 0.859225
0.349499 0.857755
0.348697 0.856270
0.347896 0.854768
0.347094 0.853251
0.346293 0.851717
0.345491 0.850167
0.344689 0.848600
0.343888 0.847016
0.343086 0.845415
0.342285 0.843796
0.341483 0.842161
0.340681 0.840507
0.339880 0.838836
0.339078 0.837146
0.338277 0.835438
0.337475 0.833712
0.336673 0.831967
0.335872 0.830203
0.335070 0.828419
0.334269 0.826617
0.333467 0.824790
0.332665 0.822947
0.331864 0.821084
0.331062 0.819201
0.330261 0.817297
0.329459 0.815372
0.328657 0.813427
0.327856 0.811459
0.327054 0.809470
0.326253 0.807459
0.325451 0.805426
0.324649 0.803371
0.323848 0.801292
0.323046 0.799191
0.322244 0.797066
0.321443 0.794918
0.320641 0.792746
0.319840 0.790544
0.319038 0.788323
0.318236 0.786078
0.317435 0.783807
0.316633 0.781510
0.315832 0.779188
0.315030 0.776840
0.314228 0.774466
0.313427 0.772065
0.312625 0.769636
0.311824 0.767181
0.311022 0.764698
0.310220 0.762186
0.309419 0.759646
0.308617 0.757078
0.307816 0.754475
0.307014 0.751847
0.306212 0.749190
0.305411 0.746502
0.304609 0.743784
0.303808 0.741034
0.303006 0.738254
0.302204 0.735441
0.301403 0.732596
0.300601 0.729719
0.299800 0.726808
0.298998 0.723858
0.298196 0.720879
0.297395 0.717866
0.296593 0.714819
0.295792 0.711736
0.294990 0.708617
0.294188 0.705462
0.293387 0.702270
0.292585 0.699041
0.291784 0.695774
0.290982 0.692463
0.290180 0.689119
0.289379 0.685736
0.288577 0.682313
0.287776 0.678850
0.286974 0.675346
0.286172 0.671801
0.285371 0.668214
0.284569 0.664584
0.283768 0.660904
0.282966 0.657188
0.282164 0.653427
0.281363 0.649622
0.280561 0.645771
0.279760 0.641874
0.278958 0.637930
0.278156 0.633931
0.277355 0.629892
0.276553 0.625804
0.275752 0.621667
0.274950 0.617480
0.274148 0.613243
0.273347 0.608946
0.272545 0.604604
0.271743 0.600210
0.270942 0.595762
0.270140 0.591260
0.269339 0.586703
0.268537 0.582082
0.267735 0.577412
0.266934 0.572685
0.266132 0.567900
0.265331 0.563047
0.264529 0.558143
0.263727 0.553177
0.262926 0.548151
0.262124 0.543061
0.261323 0.537900
0.260521 0.532683
0.259719 0.527400
0.258918 0.522052
0.258116 0.516627
0.257315 0.511143
0.256513 0.505590
0.255711 0.499958
0.254910 0.494264
0.254108 0.488497
0.253307 0.482648
0.252505 0.476734
0.251703 0.470744
0.250902 0.464669
0.250100 0.458525
0.249299 0.452302
0.248497 0.445990
0.247695 0.439606
0.246894 0.433130
0.246092 0.426580
0.245291 0.419935
0.244489 0.413214
0.243687 0.406406
0.242886 0.399498
0.242084 0.392501
0.241283 0.385422
0.240481 0.378239
0.239679 0.370974
0.238878 0.363601
0.238076 0.356132
0.237275 0.348574
0.236473 0.340906
0.235671 0.333135
0.234870 0.325262
0.234068 0.317283
0.233267 0.309198
0.232465 0.301017
0.231663 0.292703
0.230862 0.284288
0.230060 0.275761
0.229259 0.267119
0.228457 0.258361
0.227655 0.249473
0.226854 0.240477
0.226052 0.231347
0.225251 0.222093
0.224449 0.212715
0.223647 0.203210
0.222846 0.193576
0.222044 0.183800
0.221242 0.173905
0.220441 0.163865
0.219639 0.153678
0.218838 0.143356
0.218036 0.132899
0.217234 0.122294
0.216433 0.111542
0.215631 0.100645
0.214830 0.089609
0.214028 0.078427
0.213226 0.067116
0.212425 0.055674
0.211623 0.044138
0.210822 0.032589
0.210020 0.021246
0.209218 0.010979
0.208417 0.004504
0.207615 0.002216
0.206814 0.001405
0.206012 0.001006
