0.400000 0.957691
0.399198 0.957212
0.398397 0.956727
0.397595 0.956236
0.396794 0.955741
0.395992 0.955240
0.395190 0.954733
0.394389 0.954221
0.393587 0.953703
0.392786 0.953180
0.391984 0.952651
0.391182 0.952116
0.390381 0.951575
0.389579 0.951029
0.388778 0.950476
0.387976 0.949917
0.387174 0.949352
0.386373 0.948781
0.385571 0.948204
0.384770 0.947621
0.383968 0.947030
0.383166 0.946433
0.382365 0.945830
0.381563 0.945221
0.380762 0.944604
0.379960 0.943981
0.379158 0.943352
0.378357 0.942715
0.377555 0.942071
0.376754 0.941420
0.375952 0.940762
0.375150 0.940097
0.374349 0.939425
0.373547 0.938745
0.372745 0.938057
0.371944 0.937363
0.371142 0.936660
0.370341 0.935950
0.369539 0.935232
0.368737 0.934506
0.367936 0.933772
0.367134 0.933029
0.366333 0.932279
0.365531 0.931521
0.364729 0.930754
0.363928 0.929978
0.363126 0.929194
0.362325 0.928402
0.361523 0.927600
0.360721 0.926790
0.359920 0.925971
0.359118 0.925142
0.358317 0.924305
0.357515 0.923458
0.356713 0.922602
0.355912 0.921736
0.355110 0.920861
0.354309 0.919976
0.353507 0.919081
0.352705 0.918177
0.351904 0.917262
0.351102 0.916337
0.350301 0.915402
0.349499 0.914456
0.348697 0.913500
0.347896 0.912531
0.347094 0.911553
0.346293 0.910565
0.345491 0.909565
0.344689 0.908554
0.343888 0.907532
0.343086 0.906498
0.342285 0.905453
0.341483 0.904396
0.340681 0.903327
0.339880 0.902247
0.339078 0.901154
0.338277 0.900049
0.337475 0.898931
0.336673 0.897801
0.335872 0.896658
0.335070 0.895502
0.334269 0.894334
0.333467 0.893152
0.332665 0.891956
0.331864 0.890748
0.331062 0.889525
0.330261 0.888289
0.329459 0.887039
0.328657 0.885774
0.327856 0.884495
0.327054 0.883202
0.326253 0.881894
0.325451 0.880571
0.324649 0.879233
0.323848 0.877880
0.323046 0.876511
0.322244 0.875127
0.321443 0.873724
0.320641 0.872308
0.319840 0.870876
0.319038 0.869427
0.318236 0.867962
0.317435 0.866480
0.316633 0.864980
0.315832 0.863464
0.315030 0.861930
0.314228 0.860379
0.313427 0.858810
0.312625 0.857222
0.311824 0.855617
0.311022 0.853992
0.310220 0.852349
0.309419 0.850687
0.308617 0.849006
0.307816 0.847305
0.307014 0.845585
0.306212 0.843844
0.305411 0.842083
0.304609 0.840302
0.303808 0.838500
0.303006 0.836677
0.302204 0.834828
0.301403 0.832962
0.300601 0.831074
0.299800 0.829164
0.298998 0.827231
0.298196 0.825276
0.297395 0.823298
0.296593 0.821296
0.295792 0.819271
0.294990 0.817222
0.294188 0.815149
0.293387 0.813051
0.292585 0.810928
0.291784 0.808780
0.290982 0.806607
0.290180 0.804408
0.289379 0.802183
0.288577 0.799931
0.287776 0.797652
0.286974 0.795341
0.286172 0.793007
0.285371 0.790646
0.284569 0.788256
0.283768 0.785837
0.282966 0.783389
0.282164 0.780912
0.281363 0.778405
0.280561 0.775867
0.279760 0.773299
0.278958 0.770700
0.278156 0.768069
0.277355 0.765407
0.276553 0.762712
0.275752 0.759978
0.274950 0.757217
0.274148 0.754422
0.273347 0.751593
0.272545 0.748729
0.271743 0.745830
0.270942 0.742896
0.270140 0.739925
0.269339 0.736918
0.268537 0.733874
0.267735 0.730792
0.266934 0.727666
0.266132 0.724507
0.265331 0.721309
0.264529 0.718071
0.263727 0.714793
0.262926 0.711474
0.262124 0.708113
0.261323 0.704711
0.260521 0.701266
0.259719 0.697770
0.258918 0.694238
0.258116 0.690661
0.257315 0.687039
0.256513 0.683371
0.255711 0.679657
0.254910 0.675895
0.254108 0.672086
0.253307 0.668229
0.252505 0.664314
0.251703 0.660357
0.250902 0.656350
0.250100 0.652291
0.249299 0.648180
0.248497 0.644016
0.247695 0.639791
0.246894 0.635519
0.246092 0.631192
0.245291 0.626808
0.244489 0.622368
0.243687 0.617870
0.242886 0.613314
0.242084 0.608690
0.241283 0.604013
0.240481 0.599275
0.239679 0.594475
0.238878 0.589612
0.238076 0.584676
0.237275 0.579683
0.236473 0.574625
0.235671 0.569499
0.234870 0.564297
0.234068 0.559034
0.233267 0.553700
0.232465 0.548296
0.231663 0.542819
0.230862 0.537259
0.230060 0.531634
0.229259 0.525933
0.228457 0.520146
0.227655 0.514289
0.226854 0.508353
0.226052 0.502337
0.225251 0.496228
0.224449 0.490046
0.223647 0.483780
0.222846 0.477418
0.222044 0.470978
0.221242 0.464439
0.220441 0.457820
0.219639 0.451110
0.218838 0.444296
0.218036 0.437398
0.217234 0.430393
0.216433 0.423302
0.215631 0.416100
0.214830 0.408808
0.214028 0.401402
0.213226 0.393904
0.212425 0.386288
0.211623 0.378564
0.210822 0.370743
0.210020 0.362798
0.209218 0.354741
0.208417 0.346580
0.207615 0.338290
0.206814 0.329882
0.206012 0.321353
0.205210 0.312701
0.204409 0.303924
0.203607 0.295020
0.202806 0.285988
0.202004 0.276824
0.201202 0.267515
0.200401 0.258083
0.199599 0.248500
0.198798 0.238791
0.197996 0.228927
0.197194 0.218918
0.196393 0.208764
0.195591 0.198461
0.194790 0.187995
0.193988 0.177376
0.193186 0.166603
0.192385 0.155676
0.191583 0.144578
0.190782 0.133308
0.189980 0.121883
0.189178 0.110273
0.188377 0.098512
0.187575 0.086579
0.186774 0.074485
0.185972 0.062225
0.185170 0.049860
0.184369 0.037411
0.183567 0.025089
0.182766 0.013573
0.181964 0.005484
0.181162 0.002496
0.180361 0.001506
0.179559 0.001065
