0.400000 0.999991
0.399198 0.999991
0.398397 0.999991
0.397595 0.999990
0.396794 0.999990
0.395992 0.999990
0.395190 0.999989
0.394389 0.999989
0.393587 0.999989
0.392786 0.999988
0.391984 0.999988
0.391182 0.999987
0.390381 0.999987
0.389579 0.999986
0.388778 0.999986
0.387976 0.999985
0.387174 0.999985
0.386373 0.999984
0.385571 0.999984
0.384770 0.999983
0.383968 0.999982
0.383166 0.999982
0.382365 0.999981
0.381563 0.999981
0.380762 0.999980
0.379960 0.999979
0.379158 0.999978
0.378357 0.999978
0.377555 0.999977
0.376754 0.999976
0.375952 0.999975
0.375150 0.999974
0.374349 0.999973
0.373547 0.999972
0.372745 0.999971
0.371944 0.999970
0.371142 0.999969
0.370341 0.999968
0.369539 0.999967
0.368737 0.999966
0.367936 0.999965
0.367134 0.999963
0.366333 0.999962
0.365531 0.999961
0.364729 0.999959
0.363928 0.999958
0.363126 0.999956
0.362325 0.999955
0.361523 0.999953
0.360721 0.999952
0.359920 0.999950
0.359118 0.999948
0.358317 0.999946
0.357515 0.999944
0.356713 0.999942
0.355912 0.999940
0.355110 0.999938
0.354309 0.999936
0.353507 0.999934
0.352705 0.999931
0.351904 0.999929
0.351102 0.999926
0.350301 0.999924
0.349499 0.999921
0.348697 0.999918
0.347896 0.999915
0.347094 0.999912
0.346293 0.999909
0.345491 0.999906
0.344689 0.999903
0.343888 0.999899
0.343086 0.999896
0.342285 0.999892
0.341483 0.999888
0.340681 0.999884
0.339880 0.999880
0.339078 0.999876
0.338277 0.999872
0.337475 0.999867
0.336673 0.999862
0.335872 0.999858
0.335070 0.999853
0.334269 0.999847
0.333467 0.999842
0.332665 0.999836
0.331864 0.999831
0.331062 0.999825
0.330261 0.999818
0.329459 0.999812
0.328657 0.999805
0.327856 0.999798
0.327054 0.999791
0.326253 0.999784
0.325451 0.999776
0.324649 0.999768
0.323848 0.999760
0.323046 0.999752
0.322244 0.999743
0.321443 0.999734
0.320641 0.999724
0.319840 0.999715
0.319038 0.999705
0.318236 0.999694
0.317435 0.999683
0.316633 0.999672
0.315832 0.999661
0.315030 0.999649
0.314228 0.999636
0.313427 0.999623
0.312625 0.999610
0.311824 0.999596
0.311022 0.999582
0.310220 0.999567
0.309419 0.999552
0.308617 0.999536
0.307816 0.999519
0.307014 0.999502
0.306212 0.999485
0.305411 0.999466
0.304609 0.999447
0.303808 0.999428
0.303006 0.999407
0.302204 0.999386
0.301403 0.999365
0.300601 0.999342
0.299800 0.999319
0.298998 0.999294
0.298196 0.999269
0.297395 0.999243
0.296593 0.999216
0.295792 0.999188
0.294990 0.999159
0.294188 0.999129
0.293387 0.999098
0.292585 0.999066
0.291784 0.999033
0.290982 0.998998
0.290180 0.998963
0.289379 0.998925
0.288577 0.998887
0.287776 0.998847
0.286974 0.998806
0.286172 0.998763
0.285371 0.998719
0.284569 0.998673
0.283768 0.998625
0.282966 0.998576
0.282164 0.998525
0.281363 0.998472
0.280561 0.998417
0.279760 0.998360
0.278958 0.998300
0.278156 0.998239
0.277355 0.998176
0.276553 0.998110
0.275752 0.998042
0.274950 0.997971
0.274148 0.997898
0.273347 0.997822
0.272545 0.997743
0.271743 0.997661
0.270942 0.997576
0.270140 0.997488
0.269339 0.997397
0.268537 0.997302
0.267735 0.997204
0.266934 0.997102
0.266132 0.996997
0.265331 0.996887
0.264529 0.996774
0.263727 0.996656
0.262926 0.996534
0.262124 0.996407
0.261323 0.996276
0.260521 0.996139
0.259719 0.995998
0.258918 0.995851
0.258116 0.995698
0.257315 0.995540
0.256513 0.995376
0.255711 0.995205
0.254910 0.995029
0.254108 0.994845
0.253307 0.994655
0.252505 0.994457
0.251703 0.994252
0.250902 0.994039
0.250100 0.993818
0.249299 0.993588
0.248497 0.993350
0.247695 0.993102
0.246894 0.992845
0.246092 0.992578
0.245291 0.992301
0.244489 0.992014
0.243687 0.991715
0.242886 0.991405
0.242084 0.991082
0.241283 0.990748
0.240481 0.990400
0.239679 0.990038
0.238878 0.989662
0.238076 0.989272
0.237275 0.988867
0.236473 0.988446
0.235671 0.988008
0.234870 0.987553
0.234068 0.987081
0.233267 0.986589
0.232465 0.986078
0.231663 0.985547
0.230862 0.984995
0.230060 0.984421
0.229259 0.983824
0.228457 0.983204
0.227655 0.982558
0.226854 0.981886
0.226052 0.981188
0.225251 0.980462
0.224449 0.979706
0.223647 0.978920
0.222846 0.978102
0.222044 0.977250
0.221242 0.976364
0.220441 0.975442
0.219639 0.974482
0.218838 0.973483
0.218036 0.972443
0.217234 0.971358
0.216433 0.970230
0.215631 0.969055
0.214830 0.967831
0.214028 0.966554
0.213226 0.965225
0.212425 0.963840
0.211623 0.962396
0.210822 0.960890
0.210020 0.959321
0.209218 0.957685
0.208417 0.955978
0.207615 0.954196
0.206814 0.952339
0.206012 0.950400
0.205210 0.948375
0.204409 0.946263
0.203607 0.944057
0.202806 0.941750
0.202004 0.939343
0.201202 0.936827
0.200401 0.934195
0.199599 0.931445
0.198798 0.928566
0.197996 0.925557
0.197194 0.922405
0.196393 0.919106
0.195591 0.915650
0.194790 0.912030
0.193988 0.908233
0.193186 0.904254
0.192385 0.900076
0.191583 0.895693
0.190782 0.891087
0.189980 0.886246
0.189178 0.881157
0.188377 0.875804
0.187575 0.870165
0.186774 0.864223
0.185972 0.857956
0.185170 0.851343
0.184369 0.844355
0.183567 0.836963
0.182766 0.829139
0.181964 0.820847
0.181162 0.812043
0.180361 0.802689
0.179559 0.792727
0.178758 0.782103
0.177956 0.770752
0.177154 0.758593
0.176353 0.745544
0.175551 0.731494
0.174749 0.716321
0.173948 0.699870
0.173146 0.681962
0.172345 0.662365
0.171543 0.640787
0.170741 0.616850
0.169940 0.590043
0.169138 0.559656
0.168337 0.524645
0.167535 0.483371
0.166733 0.432831
0.165932 0.366818
0.165130 0.266018
0.164329 0.006719
0.163527 0.002062
0.162725 0.001210
