0.400000 0.985094
0.399198 0.984968
0.398397 0.984840
0.397595 0.984711
0.396794 0.984581
0.395992 0.984449
0.395190 0.984316
0.394389 0.984182
0.393587 0.984047
0.392786 0.983910
0.391984 0.983772
0.391182 0.983633
0.390381 0.983492
0.389579 0.983349
0.388778 0.983206
0.387976 0.983060
0.387174 0.982914
0.386373 0.982765
0.385571 0.982616
0.384770 0.982464
0.383968 0.982312
0.383166 0.982157
0.382365 0.982001
0.381563 0.981843
0.380762 0.981684
0.379960 0.981523
0.379158 0.981360
0.378357 0.981196
0.377555 0.981029
0.376754 0.980861
0.375952 0.980691
0.375150 0.980519
0.374349 0.980346
0.373547 0.980170
0.372745 0.979993
0.371944 0.979813
0.371142 0.979632
0.370341 0.979449
0.369539 0.979263
0.368737 0.979075
0.367936 0.978886
0.367134 0.978694
0.366333 0.978500
0.365531 0.978304
0.364729 0.978105
0.363928 0.977905
0.363126 0.977701
0.362325 0.977496
0.361523 0.977288
0.360721 0.977078
0.359920 0.976865
0.359118 0.976650
0.358317 0.976432
0.357515 0.976211
0.356713 0.975988
0.355912 0.975762
0.355110 0.975534
0.354309 0.975302
0.353507 0.975068
0.352705 0.974831
0.351904 0.974591
0.351102 0.974347
0.350301 0.974101
0.349499 0.973852
0.348697 0.973600
0.347896 0.973344
0.347094 0.973085
0.346293 0.972823
0.345491 0.972558
0.344689 0.972289
0.343888 0.972016
0.343086 0.971740
0.342285 0.971460
0.341483 0.971177
0.340681 0.970890
0.339880 0.970599
0.339078 0.970304
0.338277 0.970005
0.337475 0.969702
0.336673 0.969395
0.335872 0.969084
0.335070 0.968769
0.334269 0.968449
0.333467 0.968124
0.332665 0.967795
0.331864 0.967462
0.331062 0.967123
0.330261 0.966780
0.329459 0.966432
0.328657 0.966079
0.327856 0.965721
0.327054 0.965358
0.326253 0.964990
0.325451 0.964616
0.324649 0.964236
0.323848 0.963851
0.323046 0.963460
0.322244 0.963063
0.321443 0.962661
0.320641 0.962252
0.319840 0.961836
0.319038 0.961415
0.318236 0.960987
0.317435 0.960552
0.316633 0.960111
0.315832 0.959663
0.315030 0.959207
0.314228 0.958745
0.313427 0.958275
0.312625 0.957797
0.311824 0.957312
0.311022 0.956819
0.310220 0.956317
0.309419 0.955808
0.308617 0.955290
0.307816 0.954763
0.307014 0.954228
0.306212 0.953683
0.305411 0.953130
0.304609 0.952567
0.303808 0.951994
0.303006 0.951412
0.302204 0.950819
0.301403 0.950216
0.300601 0.949603
0.299800 0.948978
0.298998 0.948342
0.298196 0.947695
0.297395 0.947037
0.296593 0.946367
0.295792 0.945684
0.294990 0.944989
0.294188 0.944281
0.293387 0.943560
0.292585 0.942825
0.291784 0.942077
0.290982 0.941314
0.290180 0.940537
0.289379 0.939745
0.288577 0.938937
0.287776 0.938114
0.286974 0.937275
0.286172 0.936420
0.285371 0.935547
0.284569 0.934657
0.283768 0.933749
0.282966 0.932822
0.282164 0.931877
0.281363 0.930913
0.280561 0.929928
0.279760 0.928923
0.278958 0.927898
0.278156 0.926849
0.277355 0.925779
0.276553 0.924686
0.275752 0.923570
0.274950 0.922429
0.274148 0.921264
0.273347 0.920071
0.272545 0.918853
0.271743 0.917608
0.270942 0.916335
0.270140 0.915033
0.269339 0.913701
0.268537 0.912337
0.267735 0.910943
0.266934 0.909515
0.266132 0.908054
0.265331 0.906557
0.264529 0.905025
0.263727 0.903456
0.262926 0.901848
0.262124 0.900201
0.261323 0.898512
0.260521 0.896781
0.259719 0.895006
0.258918 0.893186
0.258116 0.891318
0.257315 0.889402
0.256513 0.887436
0.255711 0.885416
0.254910 0.883343
0.254108 0.881215
0.253307 0.879026
0.252505 0.876778
0.251703 0.874468
0.250902 0.872091
0.250100 0.869647
0.249299 0.867133
0.248497 0.864544
0.247695 0.861879
0.246894 0.859134
0.246092 0.856307
0.245291 0.853392
0.244489 0.850388
0.243687 0.847289
0.242886 0.844091
0.242084 0.840790
0.241283 0.837381
0.240481 0.833859
0.239679 0.830219
0.238878 0.826453
0.238076 0.822557
0.237275 0.818524
0.236473 0.814346
0.235671 0.810015
0.234870 0.805524
0.234068 0.800864
0.233267 0.796024
0.232465 0.790995
0.231663 0.785762
0.230862 0.780317
0.230060 0.774645
0.229259 0.768730
0.228457 0.762556
0.227655 0.756105
0.226854 0.749357
0.226052 0.742289
0.225251 0.734877
0.224449 0.727093
0.223647 0.718906
0.222846 0.710279
0.222044 0.701172
0.221242 0.691539
0.220441 0.681325
0.219639 0.670466
0.218838 0.658889
0.218036 0.646505
0.217234 0.633205
0.216433 0.618859
0.215631 0.603301
0.214830 0.586321
0.214028 0.567644
0.213226 0.546897
0.212425 0.523553
0.211623 0.496831
0.210822 0.465470
0.210020 0.427199
0.209218 0.377174
0.208417 0.297877
0.207615 0.002543
0.206814 0.001473
0.206012 0.001036
