0.120250 nan
0.120345 nan
0.120440 nan
0.120535 nan
0.120629 nan
0.120724 nan
0.120819 nan
0.120914 nan
0.121008 nan
0.121103 0.000390
0.121198 nan
0.121293 nan
0.121387 nan
0.121482 nan
0.121577 nan
0.121672 nan
0.121766 nan
0.121861 nan
0.121956 nan
0.122051 nan
0.122145 nan
0.122240 nan
0.122335 nan
0.122429 nan
0.122524 nan
0.122619 nan
0.122714 nan
0.122808 nan
0.122903 nan
0.122998 nan
0.123093 nan
0.123187 nan
0.123282 nan
0.123377 nan
0.123472 nan
0.123566 nan
0.123661 nan
0.123756 nan
0.123851 nan
0.123945 nan
0.124040 nan
0.124135 nan
0.124230 nan
0.124324 nan
0.124419 nan
0.124514 nan
0.124608 nan
0.124703 nan
0.124798 nan
0.124893 nan
0.124987 nan
0.125082 nan
0.125177 nan
0.125272 nan
0.125366 nan
0.125461 nan
0.125556 nan
0.125651 nan
0.125745 nan
0.125840 nan
0.125935 nan
0.126030 nan
0.126124 nan
0.126219 nan
0.126314 nan
0.126408 nan
0.126503 nan
0.126598 nan
0.126693 nan
0.126787 nan
0.126882 nan
0.126977 nan
0.127072 nan
0.127166 nan
0.127261 nan
0.127356 nan
0.127451 nan
0.127545 nan
0.127640 nan
0.127735 nan
0.127830 nan
0.127924 nan
0.128019 nan
0.128114 nan
0.128209 nan
0.128303 nan
0.128398 nan
0.128493 nan
0.128587 nan
0.128682 nan
0.128777 nan
0.128872 nan
0.128966 nan
0.129061 nan
0.129156 nan
0.129251 nan
0.129345 nan
0.129440 nan
0.129535 nan
0.129630 nan
0.129724 nan
0.129819 nan
0.129914 nan
0.130009 nan
0.130103 nan
0.130198 nan
0.130293 nan
0.130388 nan
0.130482 nan
0.130577 nan
0.130672 nan
0.130766 nan
0.130861 nan
0.130956 nan
0.131051 nan
0.131145 nan
0.131240 nan
0.131335 nan
0.131430 nan
0.131524 nan
0.131619 nan
0.131714 nan
0.131809 nan
0.131903 nan
0.131998 nan
0.132093 nan
0.132188 nan
0.132282 nan
0.132377 nan
0.132472 nan
0.132567 nan
0.132661 nan
0.132756 nan
0.132851 nan
0.132945 nan
0.133040 nan
0.133135 nan
0.133230 nan
0.133324 nan
0.133419 nan
0.133514 nan
0.133609 nan
0.133703 nan
0.133798 nan
0.133893 nan
0.133988 nan
0.134082 nan
0.134177 nan
0.134272 nan
0.134367 nan
0.134461 nan
0.134556 nan
0.134651 nan
0.134745 nan
0.134840 nan
0.134935 nan
0.135030 nan
0.135124 nan
0.135219 nan
0.135314 nan
0.135409 nan
0.135503 nan
0.135598 nan
0.135693 nan
0.135788 nan
0.135882 nan
0.135977 nan
0.136072 nan
0.136167 nan
0.136261 nan
0.136356 nan
0.136451 nan
0.136546 nan
0.136640 nan
0.136735 nan
0.136830 nan
0.136924 nan
0.137019 nan
0.137114 nan
0.137209 nan
0.137303 nan
0.137398 nan
0.137493 nan
0.137588 nan
0.137682 nan
0.137777 nan
0.137872 nan
0.137967 nan
0.138061 nan
0.138156 nan
0.138251 nan
0.138346 nan
0.138440 nan
0.138535 nan
0.138630 nan
0.138725 nan
0.138819 nan
0.138914 nan
0.139009 nan
0.139103 nan
0.139198 nan
0.139293 nan
0.139388 nan
0.139482 nan
0.139577 nan
0.139672 nan
0.139767 nan
0.139861 nan
0.139956 nan
0.140051 nan
0.140146 nan
0.140240 nan
0.140335 nan
0.140430 nan
0.140525 nan
0.140619 nan
0.140714 nan
0.140809 nan
0.140904 nan
0.140998 nan
0.141093 nan
0.141188 nan
0.141282 nan
0.141377 nan
0.141472 nan
0.141567 nan
0.141661 nan
0.141756 nan
0.141851 nan
0.141946 nan
0.142040 nan
0.142135 nan
0.142230 nan
0.142325 nan
0.142419 nan
0.142514 nan
0.142609 nan
0.142704 nan
0.142798 nan
0.142893 nan
0.142988 nan
0.143082 nan
0.143177 nan
0.143272 nan
0.143367 nan
0.143461 nan
0.143556 nan
0.143651 nan
0.143746 nan
0.143840 nan
0.143935 nan
0.144030 nan
0.144125 nan
0.144219 nan
0.144314 nan
0.144409 nan
0.144504 nan
0.144598 nan
0.144693 nan
0.144788 nan
0.144883 nan
0.144977 nan
0.145072 nan
0.145167 nan
0.145261 nan
0.145356 nan
0.145451 nan
0.145546 nan
0.145640 nan
0.145735 nan
0.145830 nan
0.145925 nan
0.146019 nan
0.146114 nan
0.146209 nan
0.146304 nan
0.146398 nan
0.146493 nan
0.146588 nan
0.146683 nan
0.146777 nan
0.146872 nan
0.146967 nan
0.147062 nan
0.147156 nan
0.147251 nan
0.147346 nan
0.147440 nan
0.147535 nan
0.147630 nan
0.147725 nan
0.147819 nan
0.147914 nan
0.148009 nan
0.148104 nan
0.148198 nan
0.148293 nan
0.148388 nan
0.148483 nan
0.148577 nan
0.148672 nan
0.148767 nan
0.148862 nan
0.148956 nan
0.149051 nan
0.149146 nan
0.149241 nan
0.149335 nan
0.149430 nan
0.149525 nan
0.149619 nan
0.149714 nan
0.149809 nan
0.149904 nan
0.149998 nan
0.150093 nan
0.150188 nan
0.150283 nan
0.150377 nan
0.150472 nan
0.150567 nan
0.150662 nan
0.150756 nan
0.150851 nan
0.150946 nan
0.151041 nan
0.151135 nan
0.151230 nan
0.151325 nan
0.151419 nan
0.151514 nan
0.151609 nan
0.151704 nan
0.151798 nan
0.151893 nan
0.151988 nan
0.152083 nan
0.152177 nan
0.152272 nan
0.152367 nan
0.152462 nan
0.152556 nan
0.152651 nan
0.152746 nan
0.152841 nan
0.152935 nan
0.153030 nan
0.153125 nan
0.153220 nan
0.153314 nan
0.153409 nan
0.153504 nan
0.153598 nan
0.153693 nan
0.153788 nan
0.153883 nan
0.153977 nan
0.154072 nan
0.154167 nan
0.154262 nan
0.154356 nan
0.154451 nan
0.154546 nan
0.154641 nan
0.154735 nan
0.154830 nan
0.154925 nan
0.155020 nan
0.155114 nan
0.155209 nan
0.155304 nan
0.155399 nan
0.155493 nan
0.155588 nan
0.155683 nan
0.155777 nan
0.155872 nan
0.155967 nan
0.156062 nan
0.156156 nan
0.156251 nan
0.156346 nan
0.156441 nan
0.156535 nan
0.156630 nan
0.156725 nan
0.156820 nan
0.156914 nan
0.157009 nan
0.157104 nan
0.157199 nan
0.157293 nan
0.157388 nan
0.157483 nan
0.157578 nan
0.157672 nan
0.157767 nan
0.157862 nan
0.157956 nan
0.158051 nan
0.158146 nan
0.158241 nan
0.158335 nan
0.158430 nan
0.158525 nan
0.158620 nan
0.158714 nan
0.158809 nan
0.158904 nan
0.158999 nan
0.159093 nan
0.159188 nan
0.159283 nan
0.159378 nan
0.159472 nan
0.159567 nan
0.159662 nan
0.159757 nan
0.159851 nan
0.159946 nan
0.160041 nan
0.160135 nan
0.160230 nan
0.160325 nan
0.160420 nan
0.160514 nan
0.160609 nan
0.160704 nan
0.160799 nan
0.160893 nan
0.160988 nan
0.161083 nan
0.161178 nan
0.161272 nan
0.161367 nan
0.161462 nan
0.161557 nan
0.161651 nan
0.161746 nan
0.161841 nan
0.161935 nan
0.162030 nan
0.162125 nan
0.162220 nan
0.162314 nan
0.162409 nan
0.162504 nan
0.162599 nan
0.162693 nan
0.162788 nan
0.162883 nan
0.162978 nan
0.163072 nan
0.163167 nan
0.163262 nan
0.163357 nan
0.163451 nan
0.163546 nan
0.163641 nan
0.163736 nan
0.163830 nan
0.163925 nan
0.164020 nan
0.164114 nan
0.164209 nan
0.164304 nan
0.164399 nan
0.164493 nan
0.164588 nan
0.164683 nan
0.164778 nan
0.164872 nan
0.164967 nan
0.165062 nan
0.165157 nan
0.165251 nan
0.165346 nan
0.165441 nan
0.165536 nan
0.165630 nan
0.165725 nan
0.165820 nan
0.165915 nan
0.166009 nan
0.166104 nan
0.166199 nan
0.166293 nan
0.166388 nan
0.166483 nan
0.166578 nan
0.166672 nan
0.166767 nan
0.166862 nan
0.166957 nan
0.167051 nan
0.167146 nan
0.167241 nan
0.167336 nan
0.167430 nan
0.167525 nan
