0.082575 nan
0.082684 nan
0.082794 nan
0.082903 nan
0.083012 nan
0.083121 nan
0.083230 nan
0.083340 0.000114
0.083449 nan
0.083558 nan
0.083667 nan
0.083776 nan
0.083885 nan
0.083995 nan
0.084104 nan
0.084213 nan
0.084322 nan
0.084431 nan
0.084541 nan
0.084650 nan
0.084759 nan
0.084868 nan
0.084977 nan
0.085087 nan
0.085196 nan
0.085305 nan
0.085414 nan
0.085523 nan
0.085633 nan
0.085742 nan
0.085851 nan
0.085960 nan
0.086069 nan
0.086179 nan
0.086288 nan
0.086397 nan
0.086506 nan
0.086615 nan
0.086725 nan
0.086834 nan
0.086943 nan
0.087052 nan
0.087161 nan
0.087271 nan
0.087380 nan
0.087489 nan
0.087598 nan
0.087707 nan
0.087817 nan
0.087926 nan
0.088035 nan
0.088144 nan
0.088253 nan
0.088363 nan
0.088472 nan
0.088581 nan
0.088690 nan
0.088799 nan
0.088909 nan
0.089018 nan
0.089127 nan
0.089236 nan
0.089345 nan
0.089455 nan
0.089564 nan
0.089673 nan
0.089782 nan
0.089891 nan
0.090000 nan
0.090110 nan
0.090219 nan
0.090328 nan
0.090437 nan
0.090546 nan
0.090656 nan
0.090765 nan
0.090874 nan
0.090983 nan
0.091092 nan
0.091202 nan
0.091311 nan
0.091420 nan
0.091529 nan
0.091638 nan
0.091748 nan
0.091857 nan
0.091966 nan
0.092075 nan
0.092184 nan
0.092294 nan
0.092403 nan
0.092512 nan
0.092621 nan
0.092730 nan
0.092840 nan
0.092949 nan
0.093058 nan
0.093167 nan
0.093276 nan
0.093386 nan
0.093495 nan
0.093604 nan
0.093713 nan
0.093822 nan
0.093932 nan
0.094041 nan
0.094150 nan
0.094259 nan
0.094368 nan
0.094478 nan
0.094587 nan
0.094696 nan
0.094805 nan
0.094914 nan
0.095024 nan
0.095133 nan
0.095242 nan
0.095351 nan
0.095460 nan
0.095570 nan
0.095679 nan
0.095788 nan
0.095897 nan
0.096006 nan
0.096115 nan
0.096225 nan
0.096334 nan
0.096443 nan
0.096552 nan
0.096661 nan
0.096771 nan
0.096880 nan
0.096989 nan
0.097098 nan
0.097207 nan
0.097317 nan
0.097426 nan
0.097535 nan
0.097644 nan
0.097753 nan
0.097863 nan
0.097972 nan
0.098081 nan
0.098190 nan
0.098299 nan
0.098409 nan
0.098518 nan
0.098627 nan
0.098736 nan
0.098845 nan
0.098955 nan
0.099064 nan
0.099173 nan
0.099282 nan
0.099391 nan
0.099501 nan
0.099610 nan
0.099719 nan
0.099828 nan
0.099937 nan
0.100047 nan
0.100156 nan
0.100265 nan
0.100374 nan
0.100483 nan
0.100593 nan
0.100702 nan
0.100811 nan
0.100920 nan
0.101029 nan
0.101139 nan
0.101248 nan
0.101357 nan
0.101466 nan
0.101575 nan
0.101685 nan
0.101794 nan
0.101903 nan
0.102012 nan
0.102121 nan
0.102230 nan
0.102340 nan
0.102449 nan
0.102558 nan
0.102667 nan
0.102776 nan
0.102886 nan
0.102995 nan
0.103104 nan
0.103213 nan
0.103322 nan
0.103432 nan
0.103541 nan
0.103650 nan
0.103759 nan
0.103868 nan
0.103978 nan
0.104087 nan
0.104196 nan
0.104305 nan
0.104414 nan
0.104524 nan
0.104633 nan
0.104742 nan
0.104851 nan
0.104960 nan
0.105070 nan
0.105179 nan
0.105288 nan
0.105397 nan
0.105506 nan
0.105616 nan
0.105725 nan
0.105834 nan
0.105943 nan
0.106052 nan
0.106162 nan
0.106271 nan
0.106380 nan
0.106489 nan
0.106598 nan
0.106708 nan
0.106817 nan
0.106926 nan
0.107035 nan
0.107144 nan
0.107254 nan
0.107363 nan
0.107472 nan
0.107581 nan
0.107690 nan
0.107800 nan
0.107909 nan
0.108018 nan
0.108127 nan
0.108236 nan
0.108345 nan
0.108455 nan
0.108564 nan
0.108673 nan
0.108782 nan
0.108891 nan
0.109001 nan
0.109110 nan
0.109219 nan
0.109328 nan
0.109437 nan
0.109547 nan
0.109656 nan
0.109765 nan
0.109874 nan
0.109983 nan
0.110093 nan
0.110202 nan
0.110311 nan
0.110420 nan
0.110529 nan
0.110639 nan
0.110748 nan
0.110857 nan
0.110966 nan
0.111075 nan
0.111185 nan
0.111294 nan
0.111403 nan
0.111512 nan
0.111621 nan
0.111731 nan
0.111840 nan
0.111949 nan
0.112058 nan
0.112167 nan
0.112277 nan
0.112386 nan
0.112495 nan
0.112604 nan
0.112713 nan
0.112823 nan
0.112932 nan
0.113041 nan
0.113150 nan
0.113259 nan
0.113369 nan
0.113478 nan
0.113587 nan
0.113696 nan
0.113805 nan
0.113915 nan
0.114024 nan
0.114133 nan
0.114242 nan
0.114351 nan
0.114460 nan
0.114570 nan
0.114679 nan
0.114788 nan
0.114897 nan
0.115006 nan
0.115116 nan
0.115225 nan
0.115334 nan
0.115443 nan
0.115552 nan
0.115662 nan
0.115771 nan
0.115880 nan
0.115989 nan
0.116098 nan
0.116208 nan
0.116317 nan
0.116426 nan
0.116535 nan
0.116644 nan
0.116754 nan
0.116863 nan
0.116972 nan
0.117081 nan
0.117190 nan
0.117300 nan
0.117409 nan
0.117518 nan
0.117627 nan
0.117736 nan
0.117846 nan
0.117955 nan
0.118064 nan
0.118173 nan
0.118282 nan
0.118392 nan
0.118501 nan
0.118610 nan
0.118719 nan
0.118828 nan
0.118938 nan
0.119047 nan
0.119156 nan
0.119265 nan
0.119374 nan
0.119484 nan
0.119593 nan
0.119702 nan
0.119811 nan
0.119920 nan
0.120030 nan
0.120139 nan
0.120248 nan
0.120357 nan
0.120466 nan
0.120575 nan
0.120685 nan
0.120794 nan
0.120903 nan
0.121012 nan
0.121121 nan
0.121231 nan
0.121340 nan
0.121449 nan
0.121558 nan
0.121667 nan
0.121777 nan
0.121886 nan
0.121995 nan
0.122104 nan
0.122213 nan
0.122323 nan
0.122432 nan
0.122541 nan
0.122650 nan
0.122759 nan
0.122869 nan
0.122978 nan
0.123087 nan
0.123196 nan
0.123305 nan
0.123415 nan
0.123524 nan
0.123633 nan
0.123742 nan
0.123851 nan
0.123961 nan
0.124070 nan
0.124179 nan
0.124288 nan
0.124397 nan
0.124507 nan
0.124616 nan
0.124725 nan
0.124834 nan
0.124943 nan
0.125053 nan
0.125162 nan
0.125271 nan
0.125380 nan
0.125489 nan
0.125599 nan
0.125708 nan
0.125817 nan
0.125926 nan
0.126035 nan
0.126145 nan
0.126254 nan
0.126363 nan
0.126472 nan
0.126581 nan
0.126690 nan
0.126800 nan
0.126909 nan
0.127018 nan
0.127127 nan
0.127236 nan
0.127346 nan
0.127455 nan
0.127564 nan
0.127673 nan
0.127782 nan
0.127892 nan
0.128001 nan
0.128110 nan
0.128219 nan
0.128328 nan
0.128438 nan
0.128547 nan
0.128656 nan
0.128765 nan
0.128874 nan
0.128984 nan
0.129093 nan
0.129202 nan
0.129311 nan
0.129420 nan
0.129530 nan
0.129639 nan
0.129748 nan
0.129857 nan
0.129966 nan
0.130076 nan
0.130185 nan
0.130294 nan
0.130403 nan
0.130512 nan
0.130622 nan
0.130731 nan
0.130840 nan
0.130949 nan
0.131058 nan
0.131168 nan
0.131277 nan
0.131386 nan
0.131495 nan
0.131604 nan
0.131714 nan
0.131823 nan
0.131932 nan
0.132041 nan
0.132150 nan
0.132260 nan
0.132369 nan
0.132478 nan
0.132587 nan
0.132696 nan
0.132805 nan
0.132915 nan
0.133024 nan
0.133133 nan
0.133242 nan
0.133351 nan
0.133461 nan
0.133570 nan
0.133679 nan
0.133788 nan
0.133897 nan
0.134007 nan
0.134116 nan
0.134225 nan
0.134334 nan
0.134443 nan
0.134553 nan
0.134662 nan
0.134771 nan
0.134880 nan
0.134989 nan
0.135099 nan
0.135208 nan
0.135317 nan
0.135426 nan
0.135535 nan
0.135645 nan
0.135754 nan
0.135863 nan
0.135972 nan
0.136081 nan
0.136191 nan
0.136300 nan
0.136409 nan
0.136518 nan
0.136627 nan
0.136737 nan
0.136846 nan
0.136955 nan
0.137064 nan
