0.098607 nan
0.098736 nan
0.098864 nan
0.098993 0.000547
0.099121 nan
0.099250 nan
0.099378 nan
0.099507 nan
0.099635 nan
0.099763 nan
0.099892 nan
0.100020 nan
0.100149 nan
0.100277 nan
0.100406 nan
0.100534 nan
0.100663 nan
0.100791 nan
0.100920 nan
0.101048 nan
0.101177 nan
0.101305 nan
0.101434 nan
0.101562 nan
0.101691 nan
0.101819 nan
0.101948 nan
0.102076 nan
0.102204 nan
0.102333 nan
0.102461 nan
0.102590 nan
0.102718 nan
0.102847 nan
0.102975 nan
0.103104 nan
0.103232 nan
0.103361 nan
0.103489 nan
0.103618 nan
0.103746 nan
0.103875 nan
0.104003 nan
0.104132 nan
0.104260 nan
0.104389 nan
0.104517 nan
0.104645 nan
0.104774 nan
0.104902 nan
0.105031 nan
0.105159 nan
0.105288 nan
0.105416 nan
0.105545 nan
0.105673 nan
0.105802 nan
0.105930 nan
0.106059 nan
0.106187 nan
0.106316 nan
0.106444 nan
0.106573 nan
0.106701 nan
0.106829 nan
0.106958 nan
0.107086 nan
0.107215 nan
0.107343 nan
0.107472 nan
0.107600 nan
0.107729 nan
0.107857 nan
0.107986 nan
0.108114 nan
0.108243 nan
0.108371 nan
0.108500 nan
0.108628 nan
0.108757 nan
0.108885 nan
0.109014 nan
0.109142 nan
0.109270 nan
0.109399 nan
0.109527 nan
0.109656 nan
0.109784 nan
0.109913 nan
0.110041 nan
0.110170 nan
0.110298 nan
0.110427 nan
0.110555 nan
0.110684 nan
0.110812 nan
0.110941 nan
0.111069 nan
0.111198 nan
0.111326 nan
0.111455 nan
0.111583 nan
0.111711 nan
0.111840 nan
0.111968 nan
0.112097 nan
0.112225 nan
0.112354 nan
0.112482 nan
0.112611 nan
0.112739 nan
0.112868 nan
0.112996 nan
0.113125 nan
0.113253 nan
0.113382 nan
0.113510 nan
0.113639 nan
0.113767 nan
0.113896 nan
0.114024 nan
0.114152 nan
0.114281 nan
0.114409 nan
0.114538 nan
0.114666 nan
0.114795 nan
0.114923 nan
0.115052 nan
0.115180 nan
0.115309 nan
0.115437 nan
0.115566 nan
0.115694 nan
0.115823 nan
0.115951 nan
0.116080 nan
0.116208 nan
0.116337 nan
0.116465 nan
0.116593 nan
0.116722 nan
0.116850 nan
0.116979 nan
0.117107 nan
0.117236 nan
0.117364 nan
0.117493 nan
0.117621 nan
0.117750 nan
0.117878 nan
0.118007 nan
0.118135 nan
0.118264 nan
0.118392 nan
0.118521 nan
0.118649 nan
0.118778 nan
0.118906 nan
0.119034 nan
0.119163 nan
0.119291 nan
0.119420 nan
0.119548 nan
0.119677 nan
0.119805 nan
0.119934 nan
0.120062 nan
0.120191 nan
0.120319 nan
0.120448 nan
0.120576 nan
0.120705 nan
0.120833 nan
0.120962 nan
0.121090 nan
0.121219 nan
0.121347 nan
0.121475 nan
0.121604 nan
0.121732 nan
0.121861 nan
0.121989 nan
0.122118 nan
0.122246 nan
0.122375 nan
0.122503 nan
0.122632 nan
0.122760 nan
0.122889 nan
0.123017 nan
0.123146 nan
0.123274 nan
0.123403 nan
0.123531 nan
0.123660 nan
0.123788 nan
0.123916 nan
0.124045 nan
0.124173 nan
0.124302 nan
0.124430 nan
0.124559 nan
0.124687 nan
0.124816 nan
0.124944 nan
0.125073 nan
0.125201 nan
0.125330 nan
0.125458 nan
0.125587 nan
0.125715 nan
0.125844 nan
0.125972 nan
0.126101 nan
0.126229 nan
0.126357 nan
0.126486 nan
0.126614 nan
0.126743 nan
0.126871 nan
0.127000 nan
0.127128 nan
0.127257 nan
0.127385 nan
0.127514 nan
0.127642 nan
0.127771 nan
0.127899 nan
0.128028 nan
0.128156 nan
0.128285 nan
0.128413 nan
0.128542 nan
0.128670 nan
0.128798 nan
0.128927 nan
0.129055 nan
0.129184 nan
0.129312 nan
0.129441 nan
0.129569 nan
0.129698 nan
0.129826 nan
0.129955 nan
0.130083 nan
0.130212 nan
0.130340 nan
0.130469 nan
0.130597 nan
0.130726 nan
0.130854 nan
0.130983 nan
0.131111 nan
0.131239 nan
0.131368 nan
0.131496 nan
0.131625 nan
0.131753 nan
0.131882 nan
0.132010 nan
0.132139 nan
0.132267 nan
0.132396 nan
0.132524 nan
0.132653 nan
0.132781 nan
0.132910 nan
0.133038 nan
0.133167 nan
0.133295 nan
0.133424 nan
0.133552 nan
0.133680 nan
0.133809 nan
0.133937 nan
0.134066 nan
0.134194 nan
0.134323 nan
0.134451 nan
0.134580 nan
0.134708 nan
0.134837 nan
0.134965 nan
0.135094 nan
0.135222 nan
0.135351 nan
0.135479 nan
0.135608 nan
0.135736 nan
0.135864 nan
0.135993 nan
0.136121 nan
0.136250 nan
0.136378 nan
0.136507 nan
0.136635 nan
0.136764 nan
0.136892 nan
0.137021 nan
0.137149 nan
0.137278 nan
0.137406 nan
0.137535 nan
0.137663 nan
0.137792 nan
0.137920 nan
0.138049 nan
0.138177 nan
0.138305 nan
0.138434 nan
0.138562 nan
0.138691 nan
0.138819 nan
0.138948 nan
0.139076 nan
0.139205 nan
0.139333 nan
0.139462 nan
0.139590 nan
0.139719 nan
0.139847 nan
0.139976 nan
0.140104 nan
0.140233 nan
0.140361 nan
0.140490 nan
0.140618 nan
0.140746 nan
0.140875 nan
0.141003 nan
0.141132 nan
0.141260 nan
0.141389 nan
0.141517 nan
0.141646 nan
0.141774 nan
0.141903 nan
0.142031 nan
0.142160 nan
0.142288 nan
0.142417 nan
0.142545 nan
0.142674 nan
0.142802 nan
0.142931 nan
0.143059 nan
0.143187 nan
0.143316 nan
0.143444 nan
0.143573 nan
0.143701 nan
0.143830 nan
0.143958 nan
0.144087 nan
0.144215 nan
0.144344 nan
0.144472 nan
0.144601 nan
0.144729 nan
0.144858 nan
0.144986 nan
0.145115 nan
0.145243 nan
0.145372 nan
0.145500 nan
0.145628 nan
0.145757 nan
0.145885 nan
0.146014 nan
0.146142 nan
0.146271 nan
0.146399 nan
0.146528 nan
0.146656 nan
0.146785 nan
0.146913 nan
0.147042 nan
0.147170 nan
0.147299 nan
0.147427 nan
0.147556 nan
0.147684 nan
0.147813 nan
0.147941 nan
0.148069 nan
0.148198 nan
0.148326 nan
0.148455 nan
0.148583 nan
0.148712 nan
0.148840 nan
0.148969 nan
0.149097 nan
0.149226 nan
0.149354 nan
0.149483 nan
0.149611 nan
0.149740 nan
0.149868 nan
0.149997 nan
0.150125 nan
0.150254 nan
0.150382 nan
0.150510 nan
0.150639 nan
0.150767 nan
0.150896 nan
0.151024 nan
0.151153 nan
0.151281 nan
0.151410 nan
0.151538 nan
0.151667 nan
0.151795 nan
0.151924 nan
0.152052 nan
0.152181 nan
0.152309 nan
0.152438 nan
0.152566 nan
0.152695 nan
0.152823 nan
0.152951 nan
0.153080 nan
0.153208 nan
0.153337 nan
0.153465 nan
0.153594 nan
0.153722 nan
0.153851 nan
0.153979 nan
0.154108 nan
0.154236 nan
0.154365 nan
0.154493 nan
0.154622 nan
0.154750 nan
0.154879 nan
0.155007 nan
0.155136 nan
0.155264 nan
0.155392 nan
0.155521 nan
0.155649 nan
0.155778 nan
0.155906 nan
0.156035 nan
0.156163 nan
0.156292 nan
0.156420 nan
0.156549 nan
0.156677 nan
0.156806 nan
0.156934 nan
0.157063 nan
0.157191 nan
0.157320 nan
0.157448 nan
0.157577 nan
0.157705 nan
0.157833 nan
0.157962 nan
0.158090 nan
0.158219 nan
0.158347 nan
0.158476 nan
0.158604 nan
0.158733 nan
0.158861 nan
0.158990 nan
0.159118 nan
0.159247 nan
0.159375 nan
0.159504 nan
0.159632 nan
0.159761 nan
0.159889 nan
0.160018 nan
0.160146 nan
0.160274 nan
0.160403 nan
0.160531 nan
0.160660 nan
0.160788 nan
0.160917 nan
0.161045 nan
0.161174 nan
0.161302 nan
0.161431 nan
0.161559 nan
0.161688 nan
0.161816 nan
0.161945 nan
0.162073 nan
0.162202 nan
0.162330 nan
0.162459 nan
0.162587 nan
0.162715 nan
