0.400000 0.893692
0.399198 0.893132
0.398397 0.892568
0.397595 0.892001
0.396794 0.891430
0.395992 0.890856
0.395190 0.890279
0.394389 0.889698
0.393587 0.889113
0.392786 0.888525
0.391984 0.887933
0.391182 0.887338
0.390381 0.886739
0.389579 0.886136
0.388778 0.885530
0.387976 0.884920
0.387174 0.884306
0.386373 0.883689
0.385571 0.883068
0.384770 0.882443
0.383968 0.881814
0.383166 0.881181
0.382365 0.880545
0.381563 0.879904
0.380762 0.879260
0.379960 0.878611
0.379158 0.877959
0.378357 0.877303
0.377555 0.876641
0.376754 0.875976
0.375952 0.875307
0.375150 0.874635
0.374349 0.873958
0.373547 0.873276
0.372745 0.872591
0.371944 0.871901
0.371142 0.871207
0.370341 0.870509
0.369539 0.869806
0.368737 0.869099
0.367936 0.868388
0.367134 0.867672
0.366333 0.866952
0.365531 0.866227
0.364729 0.865497
0.363928 0.864763
0.363126 0.864024
0.362325 0.863281
0.361523 0.862533
0.360721 0.861780
0.359920 0.861023
0.359118 0.860261
0.358317 0.859494
0.357515 0.858722
0.356713 0.857945
0.355912 0.857163
0.355110 0.856376
0.354309 0.855584
0.353507 0.854788
0.352705 0.853986
0.351904 0.853179
0.351102 0.852367
0.350301 0.851549
0.349499 0.850727
0.348697 0.849899
0.347896 0.849066
0.347094 0.848227
0.346293 0.847383
0.345491 0.846534
0.344689 0.845679
0.343888 0.844819
0.343086 0.843953
0.342285 0.843081
0.341483 0.842204
0.340681 0.841321
0.339880 0.840432
0.339078 0.839538
0.338277 0.838638
0.337475 0.837732
0.336673 0.836820
0.335872 0.835902
0.335070 0.834978
0.334269 0.834048
0.333467 0.833112
0.332665 0.832170
0.331864 0.831221
0.331062 0.830267
0.330261 0.829306
0.329459 0.828338
0.328657 0.827365
0.327856 0.826385
0.327054 0.825398
0.326253 0.824405
0.325451 0.823405
0.324649 0.822399
0.323848 0.821386
0.323046 0.820366
0.322244 0.819339
0.321443 0.818306
0.320641 0.817266
0.319840 0.816218
0.319038 0.815164
0.318236 0.814103
0.317435 0.813034
0.316633 0.811958
0.315832 0.810875
0.315030 0.809785
0.314228 0.808688
0.313427 0.807583
0.312625 0.806470
0.311824 0.805350
0.311022 0.804222
0.310220 0.803087
0.309419 0.801944
0.308617 0.800793
0.307816 0.799635
0.307014 0.798468
0.306212 0.797293
0.305411 0.796111
0.304609 0.794917
0.303808 0.793718
0.303006 0.792511
0.302204 0.791296
0.301403 0.790072
0.300601 0.788839
0.299800 0.787598
0.298998 0.786349
0.298196 0.785091
0.297395 0.783824
0.296593 0.782548
0.295792 0.781264
0.294990 0.779970
0.294188 0.778668
0.293387 0.777356
0.292585 0.776035
0.291784 0.774705
0.290982 0.773366
0.290180 0.772017
0.289379 0.770658
0.288577 0.769290
0.287776 0.767913
0.286974 0.766525
0.286172 0.765128
0.285371 0.763721
0.284569 0.762304
0.283768 0.760877
0.282966 0.759440
0.282164 0.757992
0.281363 0.756534
0.280561 0.755066
0.279760 0.753587
0.278958 0.752097
0.278156 0.750597
0.277355 0.749086
0.276553 0.747564
0.275752 0.746031
0.274950 0.744487
0.274148 0.742932
0.273347 0.741365
0.272545 0.739788
0.271743 0.738198
0.270942 0.736597
0.270140 0.734985
0.269339 0.733360
0.268537 0.731724
0.267735 0.730075
0.266934 0.728415
0.266132 0.726742
0.265331 0.725053
0.264529 0.723356
0.263727 0.721646
0.262926 0.719923
0.262124 0.718187
0.261323 0.716439
0.260521 0.714677
0.259719 0.712902
0.258918 0.711114
0.258116 0.709313
0.257315 0.707498
0.256513 0.705669
0.255711 0.703827
0.254910 0.701971
0.254108 0.700101
0.253307 0.698217
0.252505 0.696318
0.251703 0.694405
0.250902 0.692477
0.250100 0.690535
0.249299 0.688578
0.248497 0.686606
0.247695 0.684619
0.246894 0.682616
0.246092 0.680599
0.245291 0.678565
0.244489 0.676516
0.243687 0.674451
0.242886 0.672370
0.242084 0.670273
0.241283 0.668156
0.240481 0.666026
0.239679 0.663879
0.238878 0.661716
0.238076 0.659535
0.237275 0.657338
0.236473 0.655123
0.235671 0.652891
0.234870 0.650641
0.234068 0.648374
0.233267 0.646088
0.232465 0.643784
0.231663 0.641462
0.230862 0.639122
0.230060 0.636763
0.229259 0.634384
0.228457 0.631987
0.227655 0.629571
0.226854 0.627135
0.226052 0.624679
0.225251 0.622204
0.224449 0.619708
0.223647 0.617187
0.222846 0.614651
0.222044 0.612093
0.221242 0.609515
0.220441 0.606916
0.219639 0.604295
0.218838 0.601653
0.218036 0.598989
0.217234 0.596303
0.216433 0.593595
0.215631 0.590864
0.214830 0.588111
0.214028 0.585334
0.213226 0.582535
0.212425 0.579712
0.211623 0.576865
0.210822 0.573994
0.210020 0.571094
0.209218 0.568174
0.208417 0.565230
0.207615 0.562260
0.206814 0.559266
0.206012 0.556246
0.205210 0.553199
0.204409 0.550127
0.203607 0.547029
0.202806 0.543903
0.202004 0.540751
0.201202 0.537571
0.200401 0.534364
0.199599 0.531129
0.198798 0.527860
0.197996 0.524567
0.197194 0.521246
0.196393 0.517896
0.195591 0.514516
0.194790 0.511107
0.193988 0.507667
0.193186 0.504196
0.192385 0.500695
0.191583 0.497163
0.190782 0.493592
0.189980 0.489996
0.189178 0.486367
0.188377 0.482705
0.187575 0.479010
0.186774 0.475282
0.185972 0.471520
0.185170 0.467723
0.184369 0.463892
0.183567 0.460019
0.182766 0.456117
0.181964 0.452178
0.181162 0.448203
0.180361 0.444192
0.179559 0.440143
0.178758 0.436056
0.177956 0.431924
0.177154 0.427760
0.176353 0.423556
0.175551 0.419313
0.174749 0.415030
0.173948 0.410706
0.173146 0.406334
0.172345 0.401926
0.171543 0.397477
0.170741 0.392984
0.169940 0.388449
0.169138 0.383862
0.168337 0.379237
0.167535 0.374568
0.166733 0.369853
0.165932 0.365091
0.165130 0.360276
0.164329 0.355419
0.163527 0.350515
0.162725 0.345562
0.161924 0.340553
0.161122 0.335500
0.160321 0.330397
0.159519 0.325235
0.158717 0.320028
0.157916 0.314768
0.157114 0.309447
0.156313 0.304079
0.155511 0.298656
0.154709 0.293170
0.153908 0.287634
0.153106 0.282034
0.152305 0.276382
0.151503 0.270665
0.150701 0.264895
0.149900 0.259056
0.149098 0.253164
0.148297 0.247202
0.147495 0.241183
0.146693 0.235093
0.145892 0.228938
0.145090 0.222724
0.144289 0.216436
0.143487 0.210079
0.142685 0.203653
0.141884 0.197158
0.141082 0.190599
0.140281 0.183952
0.139479 0.177241
0.138677 0.170455
0.137876 0.163594
0.137074 0.156649
0.136273 0.149634
0.135471 0.142533
0.134669 0.135353
0.133868 0.128093
0.133066 0.120752
0.132265 0.113328
0.131463 0.105814
0.130661 0.098208
0.129860 0.090527
0.129058 0.082746
0.128257 0.074881
0.127455 0.066927
0.126653 0.058877
0.125852 0.050746
0.125050 0.042528
0.124248 0.034224
0.123447 0.025870
0.122645 0.017518
0.121844 0.009431
0.121042 0.003162
0.120240 0.001120
0.119439 0.000622
0.118637 0.000423
0.117836 0.000315
0.117034 0.000249
0.116232 0.000213
0.115431 0.000176
0.114629 0.000158
0.113828 0.000132
0.113026 0.000124
0.112224 0.000107
0.111423 0.000098
0.110621 0.000090
0.109820 0.000082
0.109018 0.000074
0.108216 0.000066
0.107415 0.000059
0.106613 0.000052
0.105812 0.000046
0.105010 0.000040
0.104208 0.000034
0.103407 0.000029
0.102605 0.000025
0.101804 0.000021
0.101002 0.000018
0.100200 0.000015
0.099399 0.000012
0.098597 0.000010
0.097796 0.000008
0.096994 0.000007
0.096192 0.000005
0.095391 0.000004
0.094589 0.000003
0.093788 0.000003
0.092986 0.000002
0.092184 0.000002
0.091383 0.000001
0.090581 0.000001
0.089780 0.000001
0.088978 0.000000
0.088176 0.000000
0.087375 0.000000
0.086573 0.000000
0.085772 0.000000
0.084970 0.000000
0.084168 0.000000
0.083367 0.000000
0.082565 0.000000
0.081764 0.000000
0.080962 0.000000
0.080160 0.000000
0.079359 0.000000
0.078557 0.000000
0.077756 0.000000
0.076954 0.000000
0.076152 0.000000
0.075351 0.000000
0.074549 0.000000
0.073747 0.000000
0.072946 0.000000
0.072144 0.000000
0.071343 0.000000
0.070541 0.000000
0.069739 0.000000
0.068938 0.000000
0.068136 0.000000
0.067335 0.000000
0.066533 0.000000
0.065731 0.000000
0.064930 0.000000
0.064128 0.000000
0.063327 0.000000
0.062525 0.000000
0.061723 0.000000
0.060922 0.000000
0.060120 0.000000
0.059319 0.000000
0.058517 0.000000
0.057715 0.000000
0.056914 0.000000
0.056112 0.000000
0.055311 0.000000
0.054509 0.000000
0.053707 0.000000
0.052906 0.000000
0.052104 0.000000
0.051303 0.000000
0.050501 0.000000
0.049699 0.000000
0.048898 0.000000
0.048096 0.000000
0.047295 0.000000
0.046493 0.000000
0.045691 0.000000
0.044890 0.000000
0.044088 0.000000
0.043287 0.000000
0.042485 0.000000
0.041683 0.000000
0.040882 0.000000
0.040080 0.000000
0.039279 0.000000
0.038477 0.000000
0.037675 0.000000
0.036874 0.000000
0.036072 0.000000
0.035271 0.000000
0.034469 0.000000
0.033667 0.000000
0.032866 0.000000
0.032064 0.000000
0.031263 0.000000
0.030461 0.000000
0.029659 0.000000
0.028858 0.000000
0.028056 0.000000
0.027255 0.000000
0.026453 0.000000
0.025651 0.000000
0.024850 0.000000
0.024048 0.000000
0.023246 0.000000
0.022445 0.000000
0.021643 0.000000
0.020842 0.000000
0.020040 0.000000
0.019238 0.000000
0.018437 0.000000
0.017635 0.000000
0.016834 0.000000
0.016032 0.000000
0.015230 0.000000
0.014429 0.000000
0.013627 0.000000
0.012826 0.000000
0.012024 0.000000
0.011222 0.000000
0.010421 0.000000
0.009619 0.000000
0.008818 0.000000
0.008016 0.000000
0.007214 0.000000
0.006413 0.000000
0.005611 0.000000
0.004810 0.000000
0.004008 0.000000
0.003206 0.000000
0.002405 0.000000
0.001603 0.000000
0.000802 0.000000
0.000000 0.000000
