0.400000 0.882986
0.399198 0.882479
0.398397 0.881969
0.397595 0.881456
0.396794 0.880940
0.395992 0.880422
0.395190 0.879901
0.394389 0.879377
0.393587 0.878851
0.392786 0.878321
0.391984 0.877789
0.391182 0.877254
0.390381 0.876716
0.389579 0.876175
0.388778 0.875631
0.387976 0.875084
0.387174 0.874535
0.386373 0.873982
0.385571 0.873426
0.384770 0.872868
0.383968 0.872306
0.383166 0.871742
0.382365 0.871174
0.381563 0.870603
0.380762 0.870029
0.379960 0.869452
0.379158 0.868872
0.378357 0.868288
0.377555 0.867702
0.376754 0.867112
0.375952 0.866519
0.375150 0.865923
0.374349 0.865324
0.373547 0.864721
0.372745 0.864115
0.371944 0.863505
0.371142 0.862893
0.370341 0.862276
0.369539 0.861657
0.368737 0.861034
0.367936 0.860407
0.367134 0.859778
0.366333 0.859144
0.365531 0.858507
0.364729 0.857867
0.363928 0.857223
0.363126 0.856575
0.362325 0.855924
0.361523 0.855269
0.360721 0.854611
0.359920 0.853949
0.359118 0.853283
0.358317 0.852613
0.357515 0.851940
0.356713 0.851263
0.355912 0.850582
0.355110 0.849897
0.354309 0.849209
0.353507 0.848516
0.352705 0.847820
0.351904 0.847119
0.351102 0.846415
0.350301 0.845707
0.349499 0.844994
0.348697 0.844278
0.347896 0.843558
0.347094 0.842833
0.346293 0.842104
0.345491 0.841371
0.344689 0.840634
0.343888 0.839893
0.343086 0.839147
0.342285 0.838398
0.341483 0.837644
0.340681 0.836885
0.339880 0.836122
0.339078 0.835355
0.338277 0.834583
0.337475 0.833807
0.336673 0.833027
0.335872 0.832241
0.335070 0.831452
0.334269 0.830657
0.333467 0.829859
0.332665 0.829055
0.331864 0.828247
0.331062 0.827434
0.330261 0.826616
0.329459 0.825793
0.328657 0.824966
0.327856 0.824134
0.327054 0.823295
0.326253 0.822453
0.325451 0.821606
0.324649 0.820754
0.323848 0.819897
0.323046 0.819035
0.322244 0.818168
0.321443 0.817295
0.320641 0.816418
0.319840 0.815535
0.319038 0.814647
0.318236 0.813754
0.317435 0.812855
0.316633 0.811951
0.315832 0.811041
0.315030 0.810126
0.314228 0.809206
0.313427 0.808280
0.312625 0.807348
0.311824 0.806411
0.311022 0.805468
0.310220 0.804519
0.309419 0.803565
0.308617 0.802605
0.307816 0.801639
0.307014 0.800667
0.306212 0.799689
0.305411 0.798706
0.304609 0.797716
0.303808 0.796720
0.303006 0.795718
0.302204 0.794710
0.301403 0.793696
0.300601 0.792675
0.299800 0.791648
0.298998 0.790615
0.298196 0.789575
0.297395 0.788529
0.296593 0.787477
0.295792 0.786418
0.294990 0.785352
0.294188 0.784280
0.293387 0.783201
0.292585 0.782115
0.291784 0.781023
0.290982 0.779923
0.290180 0.778817
0.289379 0.777703
0.288577 0.776583
0.287776 0.775456
0.286974 0.774321
0.286172 0.773180
0.285371 0.772031
0.284569 0.770874
0.283768 0.769711
0.282966 0.768540
0.282164 0.767361
0.281363 0.766175
0.280561 0.764981
0.279760 0.763780
0.278958 0.762571
0.278156 0.761354
0.277355 0.760129
0.276553 0.758897
0.275752 0.757656
0.274950 0.756408
0.274148 0.755151
0.273347 0.753886
0.272545 0.752613
0.271743 0.751331
0.270942 0.750041
0.270140 0.748743
0.269339 0.747436
0.268537 0.746121
0.267735 0.744797
0.266934 0.743464
0.266132 0.742122
0.265331 0.740771
0.264529 0.739412
0.263727 0.738043
0.262926 0.736663
0.262124 0.735276
0.261323 0.733880
0.260521 0.732474
0.259719 0.731059
0.258918 0.729635
0.258116 0.728201
0.257315 0.726757
0.256513 0.725303
0.255711 0.723840
0.254910 0.722367
0.254108 0.720883
0.253307 0.719390
0.252505 0.717886
0.251703 0.716372
0.250902 0.714848
0.250100 0.713313
0.249299 0.711767
0.248497 0.710211
0.247695 0.708644
0.246894 0.707067
0.246092 0.705478
0.245291 0.703878
0.244489 0.702267
0.243687 0.700645
0.242886 0.699012
0.242084 0.697367
0.241283 0.695711
0.240481 0.694042
0.239679 0.692363
0.238878 0.690671
0.238076 0.688967
0.237275 0.687251
0.236473 0.685523
0.235671 0.683783
0.234870 0.682030
0.234068 0.680264
0.233267 0.678486
0.232465 0.676695
0.231663 0.674891
0.230862 0.673075
0.230060 0.671245
0.229259 0.669401
0.228457 0.667545
0.227655 0.665674
0.226854 0.663790
0.226052 0.661893
0.225251 0.659981
0.224449 0.658052
0.223647 0.656111
0.222846 0.654157
0.222044 0.652188
0.221242 0.650204
0.220441 0.648206
0.219639 0.646193
0.218838 0.644164
0.218036 0.642120
0.217234 0.640061
0.216433 0.637987
0.215631 0.635897
0.214830 0.633790
0.214028 0.631668
0.213226 0.629530
0.212425 0.627375
0.211623 0.625204
0.210822 0.623016
0.210020 0.620812
0.209218 0.618590
0.208417 0.616351
0.207615 0.614095
0.206814 0.611821
0.206012 0.609529
0.205210 0.607220
0.204409 0.604892
0.203607 0.602546
0.202806 0.600181
0.202004 0.597794
0.201202 0.595392
0.200401 0.592970
0.199599 0.590530
0.198798 0.588070
0.197996 0.585590
0.197194 0.583090
0.196393 0.580570
0.195591 0.578029
0.194790 0.575468
0.193988 0.572886
0.193186 0.570283
0.192385 0.567659
0.191583 0.565013
0.190782 0.562345
0.189980 0.559655
0.189178 0.556943
0.188377 0.554209
0.187575 0.551451
0.186774 0.548667
0.185972 0.545863
0.185170 0.543035
0.184369 0.540184
0.183567 0.537308
0.182766 0.534408
0.181964 0.531483
0.181162 0.528534
0.180361 0.525558
0.179559 0.522558
0.178758 0.519531
0.177956 0.516478
0.177154 0.513399
0.176353 0.510293
0.175551 0.507160
0.174749 0.503994
0.173948 0.500805
0.173146 0.497588
0.172345 0.494342
0.171543 0.491067
0.170741 0.487763
0.169940 0.484430
0.169138 0.481067
0.168337 0.477673
0.167535 0.474248
0.166733 0.470792
0.165932 0.467300
0.165130 0.463780
0.164329 0.460228
0.163527 0.456644
0.162725 0.453026
0.161924 0.449374
0.161122 0.445689
0.160321 0.441969
0.159519 0.438213
0.158717 0.434418
0.157916 0.430591
0.157114 0.426727
0.156313 0.422827
0.155511 0.418890
0.154709 0.414914
0.153908 0.410900
0.153106 0.406847
0.152305 0.402749
0.151503 0.398616
0.150701 0.394443
0.149900 0.390228
0.149098 0.385972
0.148297 0.381673
0.147495 0.377325
0.146693 0.372939
0.145892 0.368510
0.145090 0.364035
0.144289 0.359515
0.143487 0.354942
0.142685 0.350328
0.141884 0.345667
0.141082 0.340958
0.140281 0.336199
0.139479 0.331385
0.138677 0.326526
0.137876 0.321616
0.137074 0.316654
0.136273 0.311632
0.135471 0.306563
0.134669 0.301440
0.133868 0.296254
0.133066 0.291019
0.132265 0.285727
0.131463 0.280370
0.130661 0.274960
0.129860 0.269485
0.129058 0.263954
0.128257 0.258362
0.127455 0.252700
0.126653 0.246981
0.125852 0.241190
0.125050 0.235340
0.124248 0.229416
0.123447 0.223430
0.122645 0.217368
0.121844 0.211235
0.121042 0.205038
0.120240 0.198760
0.119439 0.192408
0.118637 0.185981
0.117836 0.179477
0.117034 0.172894
0.116232 0.166232
0.115431 0.159490
0.114629 0.152665
0.113828 0.145749
0.113026 0.138755
0.112224 0.131668
0.111423 0.124493
0.110621 0.117229
0.109820 0.109875
0.109018 0.102421
0.108216 0.094875
0.107415 0.087228
0.106613 0.079486
0.105812 0.071643
0.105010 0.063700
0.104208 0.055658
0.103407 0.047507
0.102605 0.039266
0.101804 0.030932
0.101002 0.022526
0.100200 0.014139
0.099399 0.006222
0.098597 0.001614
0.097796 0.000669
0.096994 0.000407
0.096192 0.000284
0.095391 0.000222
0.094589 0.000178
0.093788 0.000152
0.092986 0.000127
0.092184 0.000111
0.091383 0.000095
0.090581 0.000087
0.089780 0.000080
0.088978 0.000072
0.088176 0.000064
0.087375 0.000057
0.086573 0.000050
0.085772 0.000044
0.084970 0.000038
0.084168 0.000032
0.083367 0.000027
0.082565 0.000023
0.081764 0.000019
0.080962 0.000016
0.080160 0.000013
0.079359 0.000010
0.078557 0.000008
0.077756 0.000007
0.076954 0.000005
0.076152 0.000004
0.075351 0.000003
0.074549 0.000002
0.073747 0.000002
0.072946 0.000001
0.072144 0.000001
0.071343 0.000001
0.070541 0.000001
0.069739 0.000000
0.068938 0.000000
0.068136 0.000000
0.067335 0.000000
0.066533 0.000000
0.065731 0.000000
0.064930 0.000000
0.064128 0.000000
0.063327 0.000000
0.062525 0.000000
0.061723 0.000000
0.060922 0.000000
0.060120 0.000000
0.059319 0.000000
0.058517 0.000000
0.057715 0.000000
0.056914 0.000000
0.056112 0.000000
0.055311 0.000000
0.054509 0.000000
0.053707 0.000000
0.052906 0.000000
0.052104 0.000000
0.051303 0.000000
0.050501 0.000000
0.049699 0.000000
0.048898 0.000000
0.048096 0.000000
0.047295 0.000000
0.046493 0.000000
0.045691 0.000000
0.044890 0.000000
0.044088 0.000000
0.043287 0.000000
0.042485 0.000000
0.041683 0.000000
0.040882 0.000000
0.040080 0.000000
0.039279 0.000000
0.038477 0.000000
0.037675 0.000000
0.036874 0.000000
0.036072 0.000000
0.035271 0.000000
0.034469 0.000000
0.033667 0.000000
0.032866 0.000000
0.032064 0.000000
0.031263 0.000000
0.030461 0.000000
0.029659 0.000000
0.028858 0.000000
0.028056 0.000000
0.027255 0.000000
0.026453 0.000000
0.025651 0.000000
0.024850 0.000000
0.024048 0.000000
0.023246 0.000000
0.022445 0.000000
0.021643 0.000000
0.020842 0.000000
0.020040 0.000000
0.019238 0.000000
0.018437 0.000000
0.017635 0.000000
0.016834 0.000000
0.016032 0.000000
0.015230 0.000000
0.014429 0.000000
0.013627 0.000000
0.012826 0.000000
0.012024 0.000000
0.011222 0.000000
0.010421 0.000000
0.009619 0.000000
0.008818 0.000000
0.008016 0.000000
0.007214 0.000000
0.006413 0.000000
0.005611 0.000000
0.004810 0.000000
0.004008 0.000000
0.003206 0.000000
0.002405 0.000000
0.001603 0.000000
0.000802 0.000000
0.000000 0.000000
