0.400000 0.873009
0.399198 0.872564
0.398397 0.872117
0.397595 0.871668
0.396794 0.871216
0.395992 0.870763
0.395190 0.870307
0.394389 0.869848
0.393587 0.869388
0.392786 0.868925
0.391984 0.868460
0.391182 0.867992
0.390381 0.867522
0.389579 0.867050
0.388778 0.866576
0.387976 0.866099
0.387174 0.865619
0.386373 0.865137
0.385571 0.864653
0.384770 0.864167
0.383968 0.863678
0.383166 0.863186
0.382365 0.862692
0.381563 0.862195
0.380762 0.861696
0.379960 0.861194
0.379158 0.860690
0.378357 0.860184
0.377555 0.859674
0.376754 0.859162
0.375952 0.858648
0.375150 0.858130
0.374349 0.857611
0.373547 0.857088
0.372745 0.856563
0.371944 0.856035
0.371142 0.855504
0.370341 0.854971
0.369539 0.854435
0.368737 0.853896
0.367936 0.853354
0.367134 0.852810
0.366333 0.852262
0.365531 0.851712
0.364729 0.851159
0.363928 0.850603
0.363126 0.850044
0.362325 0.849482
0.361523 0.848918
0.360721 0.848350
0.359920 0.847780
0.359118 0.847206
0.358317 0.846629
0.357515 0.846050
0.356713 0.845467
0.355912 0.844881
0.355110 0.844292
0.354309 0.843700
0.353507 0.843105
0.352705 0.842507
0.351904 0.841905
0.351102 0.841301
0.350301 0.840693
0.349499 0.840082
0.348697 0.839467
0.347896 0.838850
0.347094 0.838229
0.346293 0.837605
0.345491 0.836977
0.344689 0.836346
0.343888 0.835712
0.343086 0.835074
0.342285 0.834432
0.341483 0.833788
0.340681 0.833140
0.339880 0.832488
0.339078 0.831833
0.338277 0.831174
0.337475 0.830511
0.336673 0.829845
0.335872 0.829176
0.335070 0.828502
0.334269 0.827825
0.333467 0.827145
0.332665 0.826460
0.331864 0.825772
0.331062 0.825080
0.330261 0.824384
0.329459 0.823685
0.328657 0.822981
0.327856 0.822274
0.327054 0.821563
0.326253 0.820847
0.325451 0.820128
0.324649 0.819405
0.323848 0.818678
0.323046 0.817946
0.322244 0.817211
0.321443 0.816471
0.320641 0.815728
0.319840 0.814980
0.319038 0.814228
0.318236 0.813472
0.317435 0.812711
0.316633 0.811946
0.315832 0.811177
0.315030 0.810404
0.314228 0.809626
0.313427 0.808843
0.312625 0.808056
0.311824 0.807265
0.311022 0.806469
0.310220 0.805669
0.309419 0.804864
0.308617 0.804055
0.307816 0.803240
0.307014 0.802421
0.306212 0.801598
0.305411 0.800770
0.304609 0.799936
0.303808 0.799098
0.303006 0.798256
0.302204 0.797408
0.301403 0.796555
0.300601 0.795697
0.299800 0.794835
0.298998 0.793967
0.298196 0.793094
0.297395 0.792216
0.296593 0.791333
0.295792 0.790445
0.294990 0.789551
0.294188 0.788653
0.293387 0.787748
0.292585 0.786839
0.291784 0.785924
0.290982 0.785004
0.290180 0.784078
0.289379 0.783146
0.288577 0.782210
0.287776 0.781267
0.286974 0.780319
0.286172 0.779364
0.285371 0.778404
0.284569 0.777439
0.283768 0.776468
0.282966 0.775490
0.282164 0.774507
0.281363 0.773518
0.280561 0.772523
0.279760 0.771522
0.278958 0.770514
0.278156 0.769501
0.277355 0.768481
0.276553 0.767455
0.275752 0.766423
0.274950 0.765384
0.274148 0.764339
0.273347 0.763287
0.272545 0.762229
0.271743 0.761165
0.270942 0.760093
0.270140 0.759015
0.269339 0.757930
0.268537 0.756839
0.267735 0.755740
0.266934 0.754635
0.266132 0.753523
0.265331 0.752403
0.264529 0.751277
0.263727 0.750143
0.262926 0.749003
0.262124 0.747854
0.261323 0.746699
0.260521 0.745536
0.259719 0.744366
0.258918 0.743188
0.258116 0.742003
0.257315 0.740810
0.256513 0.739609
0.255711 0.738401
0.254910 0.737185
0.254108 0.735960
0.253307 0.734728
0.252505 0.733488
0.251703 0.732240
0.250902 0.730983
0.250100 0.729718
0.249299 0.728445
0.248497 0.727164
0.247695 0.725874
0.246894 0.724575
0.246092 0.723268
0.245291 0.721952
0.244489 0.720627
0.243687 0.719293
0.242886 0.717951
0.242084 0.716599
0.241283 0.715239
0.240481 0.713869
0.239679 0.712490
0.238878 0.711101
0.238076 0.709703
0.237275 0.708296
0.236473 0.706879
0.235671 0.705452
0.234870 0.704015
0.234068 0.702569
0.233267 0.701112
0.232465 0.699646
0.231663 0.698169
0.230862 0.696682
0.230060 0.695185
0.229259 0.693677
0.228457 0.692159
0.227655 0.690630
0.226854 0.689090
0.226052 0.687538
0.225251 0.685976
0.224449 0.684403
0.223647 0.682819
0.222846 0.681224
0.222044 0.679618
0.221242 0.678000
0.220441 0.676370
0.219639 0.674728
0.218838 0.673075
0.218036 0.671410
0.217234 0.669732
0.216433 0.668043
0.215631 0.666341
0.214830 0.664626
0.214028 0.662899
0.213226 0.661160
0.212425 0.659407
0.211623 0.657642
0.210822 0.655863
0.210020 0.654071
0.209218 0.652266
0.208417 0.650447
0.207615 0.648615
0.206814 0.646769
0.206012 0.644909
0.205210 0.643035
0.204409 0.641146
0.203607 0.639243
0.202806 0.637326
0.202004 0.635394
0.201202 0.633447
0.200401 0.631485
0.199599 0.629508
0.198798 0.627516
0.197996 0.625508
0.197194 0.623485
0.196393 0.621445
0.195591 0.619390
0.194790 0.617318
0.193988 0.615230
0.193186 0.613126
0.192385 0.611005
0.191583 0.608864
0.190782 0.606709
0.189980 0.604536
0.189178 0.602346
0.188377 0.600139
0.187575 0.597913
0.186774 0.595669
0.185972 0.593407
0.185170 0.591127
0.184369 0.588827
0.183567 0.586509
0.182766 0.584172
0.181964 0.581815
0.181162 0.579439
0.180361 0.577042
0.179559 0.574626
0.178758 0.572190
0.177956 0.569732
0.177154 0.567254
0.176353 0.564755
0.175551 0.562235
0.174749 0.559693
0.173948 0.557129
0.173146 0.554543
0.172345 0.551932
0.171543 0.549300
0.170741 0.546646
0.169940 0.543969
0.169138 0.541268
0.168337 0.538544
0.167535 0.535795
0.166733 0.533022
0.165932 0.530224
0.165130 0.527401
0.164329 0.524552
0.163527 0.521678
0.162725 0.518778
0.161924 0.515852
0.161122 0.512898
0.160321 0.509918
0.159519 0.506907
0.158717 0.503871
0.157916 0.500807
0.157114 0.497714
0.156313 0.494593
0.155511 0.491442
0.154709 0.488261
0.153908 0.485051
0.153106 0.481809
0.152305 0.478537
0.151503 0.475233
0.150701 0.471898
0.149900 0.468530
0.149098 0.465125
0.148297 0.461691
0.147495 0.458223
0.146693 0.454721
0.145892 0.451184
0.145090 0.447612
0.144289 0.444005
0.143487 0.440361
0.142685 0.436680
0.141884 0.432962
0.141082 0.429202
0.140281 0.425407
0.139479 0.421574
0.138677 0.417701
0.137876 0.413787
0.137074 0.409833
0.136273 0.405837
0.135471 0.401799
0.134669 0.397714
0.133868 0.393590
0.133066 0.389421
0.132265 0.385208
0.131463 0.380949
0.130661 0.376644
0.129860 0.372287
0.129058 0.367886
0.128257 0.363438
0.127455 0.358939
0.126653 0.354391
0.125852 0.349792
0.125050 0.345135
0.124248 0.340431
0.123447 0.335673
0.122645 0.330860
0.121844 0.325987
0.121042 0.321062
0.120240 0.316080
0.119439 0.311039
0.118637 0.305933
0.117836 0.300772
0.117034 0.295549
0.116232 0.290259
0.115431 0.284909
0.114629 0.279494
0.113828 0.274008
0.113026 0.268459
0.112224 0.262842
0.111423 0.257149
0.110621 0.251391
0.109820 0.245553
0.109018 0.239648
0.108216 0.233661
0.107415 0.227603
0.106613 0.221460
0.105812 0.215243
0.105010 0.208939
0.104208 0.202552
0.103407 0.196085
0.102605 0.189526
0.101804 0.182879
0.101002 0.176141
0.100200 0.169312
0.099399 0.162389
0.098597 0.155370
0.097796 0.148247
0.096994 0.141031
0.096192 0.133707
0.095391 0.126279
0.094589 0.118746
0.093788 0.111105
0.092986 0.103355
0.092184 0.095487
0.091383 0.087499
0.090581 0.079397
0.089780 0.071173
0.088978 0.062828
0.088176 0.054355
0.087375 0.045761
0.086573 0.037049
0.085772 0.028219
0.084970 0.019312
0.084168 0.010481
0.083367 0.003024
0.082565 0.000807
0.081764 0.000410
0.080962 0.000277
0.080160 0.000205
0.079359 0.000162
0.078557 0.000129
0.077756 0.000113
0.076954 0.000097
0.076152 0.000082
0.075351 0.000074
0.074549 0.000067
0.073747 0.000059
0.072946 0.000052
0.072144 0.000045
0.071343 0.000039
0.070541 0.000033
0.069739 0.000028
0.068938 0.000023
0.068136 0.000019
0.067335 0.000016
0.066533 0.000013
0.065731 0.000010
0.064930 0.000008
0.064128 0.000006
0.063327 0.000005
0.062525 0.000004
0.061723 0.000003
0.060922 0.000002
0.060120 0.000001
0.059319 0.000001
0.058517 0.000001
0.057715 0.000001
0.056914 0.000000
0.056112 0.000000
0.055311 0.000000
0.054509 0.000000
0.053707 0.000000
0.052906 0.000000
0.052104 0.000000
0.051303 0.000000
0.050501 0.000000
0.049699 0.000000
0.048898 0.000000
0.048096 0.000000
0.047295 0.000000
0.046493 0.000000
0.045691 0.000000
0.044890 0.000000
0.044088 0.000000
0.043287 0.000000
0.042485 0.000000
0.041683 0.000000
0.040882 0.000000
0.040080 0.000000
0.039279 0.000000
0.038477 0.000000
0.037675 0.000000
0.036874 0.000000
0.036072 0.000000
0.035271 0.000000
0.034469 0.000000
0.033667 0.000000
0.032866 0.000000
0.032064 0.000000
0.031263 0.000000
0.030461 0.000000
0.029659 0.000000
0.028858 0.000000
0.028056 0.000000
0.027255 0.000000
0.026453 0.000000
0.025651 0.000000
0.024850 0.000000
0.024048 0.000000
0.023246 0.000000
0.022445 0.000000
0.021643 0.000000
0.020842 0.000000
0.020040 0.000000
0.019238 0.000000
0.018437 0.000000
0.017635 0.000000
0.016834 0.000000
0.016032 0.000000
0.015230 0.000000
0.014429 0.000000
0.013627 0.000000
0.012826 0.000000
0.012024 0.000000
0.011222 0.000000
0.010421 0.000000
0.009619 0.000000
0.008818 0.000000
0.008016 0.000000
0.007214 0.000000
0.006413 0.000000
0.005611 0.000000
0.004810 0.000000
0.004008 0.000000
0.003206 0.000000
0.002405 0.000000
0.001603 0.000000
0.000802 0.000000
0.000000 0.000000
