0.400000 0.913619
0.399198 0.913327
0.398397 0.913033
0.397595 0.912737
0.396794 0.912439
0.395992 0.912140
0.395190 0.911838
0.394389 0.911535
0.393587 0.911230
0.392786 0.910924
0.391984 0.910615
0.391182 0.910304
0.390381 0.909992
0.389579 0.909678
0.388778 0.909362
0.387976 0.909044
0.387174 0.908724
0.386373 0.908402
0.385571 0.908078
0.384770 0.907752
0.383968 0.907424
0.383166 0.907094
0.382365 0.906762
0.381563 0.906428
0.380762 0.906092
0.379960 0.905753
0.379158 0.905413
0.378357 0.905071
0.377555 0.904726
0.376754 0.904380
0.375952 0.904031
0.375150 0.903680
0.374349 0.903327
0.373547 0.902971
0.372745 0.902614
0.371944 0.902254
0.371142 0.901892
0.370341 0.901527
0.369539 0.901160
0.368737 0.900791
0.367936 0.900420
0.367134 0.900046
0.366333 0.899670
0.365531 0.899292
0.364729 0.898911
0.363928 0.898528
0.363126 0.898142
0.362325 0.897754
0.361523 0.897363
0.360721 0.896970
0.359920 0.896574
0.359118 0.896176
0.358317 0.895775
0.357515 0.895372
0.356713 0.894966
0.355912 0.894558
0.355110 0.894146
0.354309 0.893732
0.353507 0.893316
0.352705 0.892897
0.351904 0.892475
0.351102 0.892050
0.350301 0.891622
0.349499 0.891192
0.348697 0.890759
0.347896 0.890323
0.347094 0.889884
0.346293 0.889442
0.345491 0.888997
0.344689 0.888550
0.343888 0.888099
0.343086 0.887646
0.342285 0.887189
0.341483 0.886729
0.340681 0.886267
0.339880 0.885801
0.339078 0.885332
0.338277 0.884860
0.337475 0.884385
0.336673 0.883907
0.335872 0.883425
0.335070 0.882940
0.334269 0.882452
0.333467 0.881961
0.332665 0.881466
0.331864 0.880968
0.331062 0.880467
0.330261 0.879962
0.329459 0.879454
0.328657 0.878942
0.327856 0.878427
0.327054 0.877908
0.326253 0.877386
0.325451 0.876860
0.324649 0.876330
0.323848 0.875797
0.323046 0.875260
0.322244 0.874719
0.321443 0.874175
0.320641 0.873627
0.319840 0.873075
0.319038 0.872519
0.318236 0.871960
0.317435 0.871396
0.316633 0.870829
0.315832 0.870257
0.315030 0.869682
0.314228 0.869102
0.313427 0.868519
0.312625 0.867931
0.311824 0.867339
0.311022 0.866743
0.310220 0.866142
0.309419 0.865538
0.308617 0.864929
0.307816 0.864316
0.307014 0.863698
0.306212 0.863076
0.305411 0.862450
0.304609 0.861819
0.303808 0.861183
0.303006 0.860543
0.302204 0.859898
0.301403 0.859249
0.300601 0.858594
0.299800 0.857935
0.298998 0.857272
0.298196 0.856603
0.297395 0.855930
0.296593 0.855251
0.295792 0.854568
0.294990 0.853880
0.294188 0.853186
0.293387 0.852488
0.292585 0.851784
0.291784 0.851075
0.290982 0.850361
0.290180 0.849641
0.289379 0.848916
0.288577 0.848186
0.287776 0.847450
0.286974 0.846709
0.286172 0.845961
0.285371 0.845209
0.284569 0.844451
0.283768 0.843687
0.282966 0.842917
0.282164 0.842142
0.281363 0.841360
0.280561 0.840573
0.279760 0.839780
0.278958 0.838981
0.278156 0.838175
0.277355 0.837363
0.276553 0.836546
0.275752 0.835721
0.274950 0.834891
0.274148 0.834054
0.273347 0.833210
0.272545 0.832360
0.271743 0.831504
0.270942 0.830641
0.270140 0.829771
0.269339 0.828894
0.268537 0.828010
0.267735 0.827119
0.266934 0.826222
0.266132 0.825317
0.265331 0.824405
0.264529 0.823486
0.263727 0.822559
0.262926 0.821626
0.262124 0.820684
0.261323 0.819736
0.260521 0.818779
0.259719 0.817815
0.258918 0.816843
0.258116 0.815864
0.257315 0.814876
0.256513 0.813881
0.255711 0.812877
0.254910 0.811865
0.254108 0.810845
0.253307 0.809817
0.252505 0.808780
0.251703 0.807735
0.250902 0.806681
0.250100 0.805618
0.249299 0.804547
0.248497 0.803467
0.247695 0.802378
0.246894 0.801279
0.246092 0.800172
0.245291 0.799055
0.244489 0.797929
0.243687 0.796794
0.242886 0.795649
0.242084 0.794495
0.241283 0.793330
0.240481 0.792156
0.239679 0.790972
0.238878 0.789778
0.238076 0.788573
0.237275 0.787359
0.236473 0.786133
0.235671 0.784898
0.234870 0.783652
0.234068 0.782395
0.233267 0.781127
0.232465 0.779848
0.231663 0.778558
0.230862 0.777257
0.230060 0.775944
0.229259 0.774620
0.228457 0.773285
0.227655 0.771937
0.226854 0.770578
0.226052 0.769204
0.225251 0.767821
0.224449 0.766425
0.223647 0.765017
0.222846 0.763596
0.222044 0.762163
0.221242 0.760716
0.220441 0.759257
0.219639 0.757784
0.218838 0.756298
0.218036 0.754799
0.217234 0.753286
0.216433 0.751760
0.215631 0.750219
0.214830 0.748664
0.214028 0.747095
0.213226 0.745512
0.212425 0.743914
0.211623 0.742301
0.210822 0.740673
0.210020 0.739030
0.209218 0.737372
0.208417 0.735698
0.207615 0.734009
0.206814 0.732303
0.206012 0.730582
0.205210 0.728844
0.204409 0.727090
0.203607 0.725319
0.202806 0.723531
0.202004 0.721726
0.201202 0.719904
0.200401 0.718065
0.199599 0.716207
0.198798 0.714332
0.197996 0.712439
0.197194 0.710527
0.196393 0.708596
0.195591 0.706647
0.194790 0.704678
0.193988 0.702691
0.193186 0.700683
0.192385 0.698656
0.191583 0.696605
0.190782 0.694537
0.189980 0.692448
0.189178 0.690339
0.188377 0.688208
0.187575 0.686056
0.186774 0.683883
0.185972 0.681687
0.185170 0.679469
0.184369 0.677228
0.183567 0.674964
0.182766 0.672678
0.181964 0.670367
0.181162 0.668033
0.180361 0.665675
0.179559 0.663292
0.178758 0.660884
0.177956 0.658452
0.177154 0.655993
0.176353 0.653509
0.175551 0.650999
0.174749 0.648462
0.173948 0.645899
0.173146 0.643307
0.172345 0.640684
0.171543 0.638037
0.170741 0.635362
0.169940 0.632657
0.169138 0.629924
0.168337 0.627160
0.167535 0.624367
0.166733 0.621543
0.165932 0.618688
0.165130 0.615801
0.164329 0.612883
0.163527 0.609932
0.162725 0.606948
0.161924 0.603931
0.161122 0.600881
0.160321 0.597796
0.159519 0.594671
0.158717 0.591515
0.157916 0.588324
0.157114 0.585096
0.156313 0.581831
0.155511 0.578529
0.154709 0.575189
0.153908 0.571810
0.153106 0.568391
0.152305 0.564933
0.151503 0.561434
0.150701 0.557894
0.149900 0.554313
0.149098 0.550683
0.148297 0.547016
0.147495 0.543304
0.146693 0.539548
0.145892 0.535747
0.145090 0.531901
0.144289 0.528007
0.143487 0.524066
0.142685 0.520077
0.141884 0.516039
0.141082 0.511945
0.140281 0.507806
0.139479 0.503615
0.138677 0.499373
0.137876 0.495077
0.137074 0.490727
0.136273 0.486322
0.135471 0.481861
0.134669 0.477337
0.133868 0.472761
0.133066 0.468126
0.132265 0.463431
0.131463 0.458675
0.130661 0.453857
0.129860 0.448970
0.129058 0.444025
0.128257 0.439014
0.127455 0.433937
0.126653 0.428792
0.125852 0.423578
0.125050 0.418287
0.124248 0.412931
0.123447 0.407502
0.122645 0.401999
0.121844 0.396414
0.121042 0.390758
0.120240 0.385024
0.119439 0.379210
0.118637 0.373308
0.117836 0.367329
0.117034 0.361266
0.116232 0.355110
0.115431 0.348872
0.114629 0.342545
0.113828 0.336120
0.113026 0.329608
0.112224 0.323001
0.111423 0.316290
0.110621 0.309487
0.109820 0.302576
0.109018 0.295570
0.108216 0.288451
0.107415 0.281232
0.106613 0.273896
0.105812 0.266456
0.105010 0.258894
0.104208 0.251215
0.103407 0.243426
0.102605 0.235507
0.101804 0.227464
0.101002 0.219294
0.100200 0.210995
0.099399 0.202564
0.098597 0.193997
0.097796 0.185284
0.096994 0.176439
0.096192 0.167441
0.095391 0.158297
0.094589 0.149002
0.093788 0.139554
0.092986 0.129951
0.092184 0.120180
0.091383 0.110238
0.090581 0.100133
0.089780 0.089854
0.088978 0.079400
0.088176 0.068764
0.087375 0.057951
0.086573 0.046968
0.085772 0.035811
0.084970 0.024534
0.084168 0.013330
0.083367 0.003849
0.082565 0.001027
