0.400000 0.908200
0.399198 0.907723
0.398397 0.907242
0.397595 0.906758
0.396794 0.906272
0.395992 0.905782
0.395190 0.905289
0.394389 0.904793
0.393587 0.904294
0.392786 0.903791
0.391984 0.903286
0.391182 0.902777
0.390381 0.902265
0.389579 0.901750
0.388778 0.901232
0.387976 0.900710
0.387174 0.900185
0.386373 0.899657
0.385571 0.899125
0.384770 0.898590
0.383968 0.898051
0.383166 0.897509
0.382365 0.896964
0.381563 0.896415
0.380762 0.895862
0.379960 0.895306
0.379158 0.894747
0.378357 0.894183
0.377555 0.893615
0.376754 0.893045
0.375952 0.892470
0.375150 0.891892
0.374349 0.891311
0.373547 0.890725
0.372745 0.890136
0.371944 0.889542
0.371142 0.888945
0.370341 0.888344
0.369539 0.887739
0.368737 0.887130
0.367936 0.886517
0.367134 0.885900
0.366333 0.885279
0.365531 0.884654
0.364729 0.884025
0.363928 0.883391
0.363126 0.882754
0.362325 0.882112
0.361523 0.881466
0.360721 0.880815
0.359920 0.880160
0.359118 0.879501
0.358317 0.878838
0.357515 0.878170
0.356713 0.877497
0.355912 0.876820
0.355110 0.876138
0.354309 0.875452
0.353507 0.874761
0.352705 0.874066
0.351904 0.873366
0.351102 0.872661
0.350301 0.871951
0.349499 0.871237
0.348697 0.870517
0.347896 0.869793
0.347094 0.869064
0.346293 0.868330
0.345491 0.867590
0.344689 0.866846
0.343888 0.866097
0.343086 0.865342
0.342285 0.864582
0.341483 0.863817
0.340681 0.863047
0.339880 0.862271
0.339078 0.861490
0.338277 0.860704
0.337475 0.859912
0.336673 0.859115
0.335872 0.858312
0.335070 0.857503
0.334269 0.856689
0.333467 0.855869
0.332665 0.855044
0.331864 0.854212
0.331062 0.853375
0.330261 0.852532
0.329459 0.851682
0.328657 0.850827
0.327856 0.849966
0.327054 0.849099
0.326253 0.848225
0.325451 0.847346
0.324649 0.846460
0.323848 0.845567
0.323046 0.844669
0.322244 0.843763
0.321443 0.842852
0.320641 0.841934
0.319840 0.841009
0.319038 0.840078
0.318236 0.839139
0.317435 0.838194
0.316633 0.837243
0.315832 0.836284
0.315030 0.835318
0.314228 0.834346
0.313427 0.833366
0.312625 0.832379
0.311824 0.831385
0.311022 0.830383
0.310220 0.829375
0.309419 0.828358
0.308617 0.827335
0.307816 0.826303
0.307014 0.825265
0.306212 0.824218
0.305411 0.823164
0.304609 0.822099
0.303808 0.821029
0.303006 0.819951
0.302204 0.818865
0.301403 0.817771
0.300601 0.816668
0.299800 0.815557
0.298998 0.814438
0.298196 0.813311
0.297395 0.812175
0.296593 0.811030
0.295792 0.809877
0.294990 0.808715
0.294188 0.807544
0.293387 0.806364
0.292585 0.805175
0.291784 0.803977
0.290982 0.802770
0.290180 0.801554
0.289379 0.800328
0.288577 0.799093
0.287776 0.797848
0.286974 0.796594
0.286172 0.795330
0.285371 0.794057
0.284569 0.792773
0.283768 0.791479
0.282966 0.790175
0.282164 0.788862
0.281363 0.787537
0.280561 0.786203
0.279760 0.784858
0.278958 0.783502
0.278156 0.782136
0.277355 0.780759
0.276553 0.779370
0.275752 0.777971
0.274950 0.776561
0.274148 0.775140
0.273347 0.773707
0.272545 0.772263
0.271743 0.770807
0.270942 0.769340
0.270140 0.767860
0.269339 0.766369
0.268537 0.764866
0.267735 0.763351
0.266934 0.761823
0.266132 0.760283
0.265331 0.758727
0.264529 0.757161
0.263727 0.755583
0.262926 0.753992
0.262124 0.752388
0.261323 0.750771
0.260521 0.749140
0.259719 0.747496
0.258918 0.745838
0.258116 0.744167
0.257315 0.742481
0.256513 0.740782
0.255711 0.739068
0.254910 0.737340
0.254108 0.735598
0.253307 0.733841
0.252505 0.732069
0.251703 0.730283
0.250902 0.728481
0.250100 0.726664
0.249299 0.724831
0.248497 0.722983
0.247695 0.721119
0.246894 0.719240
0.246092 0.717344
0.245291 0.715432
0.244489 0.713503
0.243687 0.711558
0.242886 0.709596
0.242084 0.707617
0.241283 0.705617
0.240481 0.703603
0.239679 0.701572
0.238878 0.699523
0.238076 0.697457
0.237275 0.695372
0.236473 0.693268
0.235671 0.691147
0.234870 0.689006
0.234068 0.686847
0.233267 0.684668
0.232465 0.682470
0.231663 0.680252
0.230862 0.678015
0.230060 0.675758
0.229259 0.673480
0.228457 0.671182
0.227655 0.668863
0.226854 0.666523
0.226052 0.664161
0.225251 0.661779
0.224449 0.659375
0.223647 0.656944
0.222846 0.654495
0.222044 0.652024
0.221242 0.649530
0.220441 0.647013
0.219639 0.644473
0.218838 0.641909
0.218036 0.639322
0.217234 0.636710
0.216433 0.634074
0.215631 0.631414
0.214830 0.628728
0.214028 0.626017
0.213226 0.623281
0.212425 0.620519
0.211623 0.617730
0.210822 0.614915
0.210020 0.612068
0.209218 0.609199
0.208417 0.606302
0.207615 0.603378
0.206814 0.600425
0.206012 0.597444
0.205210 0.594434
0.204409 0.591394
0.203607 0.588325
0.202806 0.585227
0.202004 0.582097
0.201202 0.578938
0.200401 0.575747
0.199599 0.572524
0.198798 0.569264
0.197996 0.565977
0.197194 0.562657
0.196393 0.559305
0.195591 0.555918
0.194790 0.552498
0.193988 0.549043
0.193186 0.545554
0.192385 0.542029
0.191583 0.538468
0.190782 0.534865
0.189980 0.531231
0.189178 0.527560
0.188377 0.523851
0.187575 0.520104
0.186774 0.516318
0.185972 0.512493
0.185170 0.508629
0.184369 0.504724
0.183567 0.500771
0.182766 0.496784
0.181964 0.492754
0.181162 0.488682
0.180361 0.484567
0.179559 0.480408
0.178758 0.476205
0.177956 0.471951
0.177154 0.467657
0.176353 0.463317
0.175551 0.458930
0.174749 0.454496
0.173948 0.450013
0.173146 0.445475
0.172345 0.440894
0.171543 0.436263
0.170741 0.431581
0.169940 0.426847
0.169138 0.422054
0.168337 0.417214
0.167535 0.412321
0.166733 0.407373
0.165932 0.402369
0.165130 0.397302
0.164329 0.392184
0.163527 0.387009
0.162725 0.381775
0.161924 0.376473
0.161122 0.371118
0.160321 0.365702
0.159519 0.360216
0.158717 0.354673
0.157916 0.349066
0.157114 0.343386
0.156313 0.337648
0.155511 0.331842
0.154709 0.325959
0.153908 0.320015
0.153106 0.313993
0.152305 0.307907
0.151503 0.301740
0.150701 0.295506
0.149900 0.289190
0.149098 0.282806
0.148297 0.276336
0.147495 0.269795
0.146693 0.263166
0.145892 0.256456
0.145090 0.249671
0.144289 0.242795
0.143487 0.235833
0.142685 0.228784
0.141884 0.221648
0.141082 0.214431
0.140281 0.207105
0.139479 0.199696
0.138677 0.192193
0.137876 0.184595
0.137074 0.176892
0.136273 0.169099
0.135471 0.161198
0.134669 0.153195
0.133868 0.145090
0.133066 0.136881
0.132265 0.128567
0.131463 0.120137
0.130661 0.111590
0.129860 0.102944
0.129058 0.094171
0.128257 0.085289
0.127455 0.076291
0.126653 0.067171
0.125852 0.057942
0.125050 0.048598
0.124248 0.039142
0.123447 0.029612
0.122645 0.020068
0.121844 0.010813
0.121042 0.003627
0.120240 0.001285
