0.400000 0.911080
0.399198 0.910703
0.398397 0.910323
0.397595 0.909941
0.396794 0.909556
0.395992 0.909170
0.395190 0.908781
0.394389 0.908389
0.393587 0.907996
0.392786 0.907600
0.391984 0.907202
0.391182 0.906801
0.390381 0.906398
0.389579 0.905993
0.388778 0.905585
0.387976 0.905174
0.387174 0.904762
0.386373 0.904346
0.385571 0.903928
0.384770 0.903508
0.383968 0.903085
0.383166 0.902660
0.382365 0.902232
0.381563 0.901801
0.380762 0.901368
0.379960 0.900932
0.379158 0.900493
0.378357 0.900052
0.377555 0.899608
0.376754 0.899162
0.375952 0.898712
0.375150 0.898260
0.374349 0.897805
0.373547 0.897347
0.372745 0.896887
0.371944 0.896423
0.371142 0.895957
0.370341 0.895488
0.369539 0.895016
0.368737 0.894540
0.367936 0.894062
0.367134 0.893581
0.366333 0.893097
0.365531 0.892610
0.364729 0.892120
0.363928 0.891627
0.363126 0.891130
0.362325 0.890631
0.361523 0.890128
0.360721 0.889623
0.359920 0.889113
0.359118 0.888601
0.358317 0.888086
0.357515 0.887567
0.356713 0.887045
0.355912 0.886519
0.355110 0.885990
0.354309 0.885458
0.353507 0.884923
0.352705 0.884384
0.351904 0.883841
0.351102 0.883295
0.350301 0.882745
0.349499 0.882192
0.348697 0.881635
0.347896 0.881075
0.347094 0.880511
0.346293 0.879943
0.345491 0.879372
0.344689 0.878797
0.343888 0.878218
0.343086 0.877635
0.342285 0.877049
0.341483 0.876458
0.340681 0.875864
0.339880 0.875266
0.339078 0.874663
0.338277 0.874057
0.337475 0.873447
0.336673 0.872833
0.335872 0.872214
0.335070 0.871592
0.334269 0.870965
0.333467 0.870334
0.332665 0.869699
0.331864 0.869060
0.331062 0.868416
0.330261 0.867768
0.329459 0.867116
0.328657 0.866459
0.327856 0.865798
0.327054 0.865131
0.326253 0.864461
0.325451 0.863786
0.324649 0.863106
0.323848 0.862422
0.323046 0.861733
0.322244 0.861040
0.321443 0.860341
0.320641 0.859638
0.319840 0.858930
0.319038 0.858217
0.318236 0.857500
0.317435 0.856777
0.316633 0.856049
0.315832 0.855316
0.315030 0.854578
0.314228 0.853835
0.313427 0.853087
0.312625 0.852333
0.311824 0.851574
0.311022 0.850810
0.310220 0.850040
0.309419 0.849265
0.308617 0.848485
0.307816 0.847699
0.307014 0.846907
0.306212 0.846110
0.305411 0.845307
0.304609 0.844498
0.303808 0.843684
0.303006 0.842863
0.302204 0.842037
0.301403 0.841205
0.300601 0.840367
0.299800 0.839522
0.298998 0.838672
0.298196 0.837816
0.297395 0.836953
0.296593 0.836084
0.295792 0.835209
0.294990 0.834327
0.294188 0.833439
0.293387 0.832544
0.292585 0.831643
0.291784 0.830735
0.290982 0.829820
0.290180 0.828899
0.289379 0.827971
0.288577 0.827036
0.287776 0.826094
0.286974 0.825145
0.286172 0.824188
0.285371 0.823225
0.284569 0.822255
0.283768 0.821277
0.282966 0.820292
0.282164 0.819299
0.281363 0.818299
0.280561 0.817292
0.279760 0.816276
0.278958 0.815253
0.278156 0.814223
0.277355 0.813184
0.276553 0.812138
0.275752 0.811083
0.274950 0.810020
0.274148 0.808950
0.273347 0.807871
0.272545 0.806783
0.271743 0.805687
0.270942 0.804583
0.270140 0.803470
0.269339 0.802349
0.268537 0.801218
0.267735 0.800079
0.266934 0.798931
0.266132 0.797774
0.265331 0.796608
0.264529 0.795433
0.263727 0.794248
0.262926 0.793052
0.262124 0.791848
0.261323 0.790635
0.260521 0.789412
0.259719 0.788180
0.258918 0.786937
0.258116 0.785685
0.257315 0.784422
0.256513 0.783150
0.255711 0.781867
0.254910 0.780574
0.254108 0.779270
0.253307 0.777956
0.252505 0.776631
0.251703 0.775295
0.250902 0.773948
0.250100 0.772590
0.249299 0.771221
0.248497 0.769841
0.247695 0.768449
0.246894 0.767046
0.246092 0.765631
0.245291 0.764205
0.244489 0.762766
0.243687 0.761316
0.242886 0.759853
0.242084 0.758378
0.241283 0.756891
0.240481 0.755392
0.239679 0.753879
0.238878 0.752354
0.238076 0.750816
0.237275 0.749264
0.236473 0.747700
0.235671 0.746122
0.234870 0.744531
0.234068 0.742926
0.233267 0.741307
0.232465 0.739674
0.231663 0.738027
0.230862 0.736366
0.230060 0.734691
0.229259 0.733001
0.228457 0.731296
0.227655 0.729576
0.226854 0.727841
0.226052 0.726091
0.225251 0.724325
0.224449 0.722540
0.223647 0.720743
0.222846 0.718930
0.222044 0.717101
0.221242 0.715255
0.220441 0.713393
0.219639 0.711514
0.218838 0.709618
0.218036 0.707705
0.217234 0.705775
0.216433 0.703828
0.215631 0.701862
0.214830 0.699879
0.214028 0.697878
0.213226 0.695858
0.212425 0.693820
0.211623 0.691763
0.210822 0.689687
0.210020 0.687592
0.209218 0.685477
0.208417 0.683342
0.207615 0.681188
0.206814 0.679014
0.206012 0.676819
0.205210 0.674603
0.204409 0.672367
0.203607 0.670109
0.202806 0.667830
0.202004 0.665525
0.201202 0.663202
0.200401 0.660857
0.199599 0.658490
0.198798 0.656100
0.197996 0.653686
0.197194 0.651250
0.196393 0.648789
0.195591 0.646305
0.194790 0.643796
0.193988 0.641263
0.193186 0.638705
0.192385 0.636122
0.191583 0.633513
0.190782 0.630879
0.189980 0.628218
0.189178 0.625531
0.188377 0.622817
0.187575 0.620076
0.186774 0.617302
0.185972 0.614505
0.185170 0.611680
0.184369 0.608826
0.183567 0.605943
0.182766 0.603031
0.181964 0.600089
0.181162 0.597116
0.180361 0.594113
0.179559 0.591079
0.178758 0.588014
0.177956 0.584916
0.177154 0.581787
0.176353 0.578624
0.175551 0.575429
0.174749 0.572194
0.173948 0.568930
0.173146 0.565632
0.172345 0.562298
0.171543 0.558929
0.170741 0.555524
0.169940 0.552082
0.169138 0.548604
0.168337 0.545087
0.167535 0.541532
0.166733 0.537939
0.165932 0.534301
0.165130 0.530628
0.164329 0.526915
0.163527 0.523161
0.162725 0.519365
0.161924 0.515527
0.161122 0.511646
0.160321 0.507722
0.159519 0.503753
0.158717 0.499734
0.157916 0.495675
0.157114 0.491570
0.156313 0.487418
0.155511 0.483219
0.154709 0.478971
0.153908 0.474675
0.153106 0.470328
0.152305 0.465925
0.151503 0.461476
0.150701 0.456976
0.149900 0.452422
0.149098 0.447815
0.148297 0.443153
0.147495 0.438430
0.146693 0.433656
0.145892 0.428825
0.145090 0.423935
0.144289 0.418987
0.143487 0.413972
0.142685 0.408903
0.141884 0.403771
0.141082 0.398577
0.140281 0.393318
0.139479 0.387987
0.138677 0.382597
0.137876 0.377140
0.137074 0.371614
0.136273 0.366011
0.135471 0.360345
0.134669 0.354607
0.133868 0.348788
0.133066 0.342901
0.132265 0.336939
0.131463 0.330893
0.130661 0.324775
0.129860 0.318570
0.129058 0.312292
0.128257 0.305930
0.127455 0.299477
0.126653 0.292946
0.125852 0.286320
0.125050 0.279613
0.124248 0.272808
0.123447 0.265919
0.122645 0.258927
0.121844 0.251841
0.121042 0.244666
0.120240 0.237383
0.119439 0.230000
0.118637 0.222514
0.117836 0.214923
0.117034 0.207227
0.116232 0.199421
0.115431 0.191505
0.114629 0.183477
0.113828 0.175326
0.113026 0.167067
0.112224 0.158680
0.111423 0.150172
0.110621 0.141542
0.109820 0.132787
0.109018 0.123896
0.108216 0.114876
0.107415 0.105717
0.106613 0.096427
0.105812 0.086997
0.105010 0.077425
0.104208 0.067716
0.103407 0.057856
0.102605 0.047866
0.101804 0.037745
0.101002 0.027515
0.100200 0.017287
0.099399 0.007615
0.098597 0.001976
